/*--------------------------------*- C++ -*----------------------------------*\
| =========                 |                                                 |
| \\      /  F ield         | OpenFOAM: The Open Source CFD Toolbox           |
|  \\    /   O peration     | Version:  v2012                                 |
|   \\  /    A nd           | Website:  www.openfoam.com                      |
|    \\/     M anipulation  |                                                 |
\*---------------------------------------------------------------------------*/
FoamFile
{
    version     2.0;
    format      ascii;
    class       labelList;
    location    "constant/ellipse/polyMesh";
    object      cellRegionAddressing;
}
// * * * * * * * * * * * * * * * * * * * * * * * * * * * * * * * * * * * * * //


6041
(
163975
163976
164045
164046
164114
164115
164116
164184
164185
164186
164254
164255
164324
164325
164394
164395
164464
168666
168667
168735
168736
168737
168805
168806
168807
168874
168875
168876
168877
168944
168945
168946
168947
169013
169014
169015
169016
169017
169083
169084
169085
169086
169087
169153
169154
169155
169156
169223
169224
169225
169226
169293
169294
169295
169296
169363
169364
169365
169433
169434
169435
169503
169504
173565
173566
173567
173635
173636
173637
173704
173705
173706
173707
173774
173775
173776
173777
173844
173845
173846
173847
173913
173914
173915
173916
173917
173983
173984
173985
173986
173987
174053
174054
174055
174056
174123
174124
174125
174126
174193
174194
174195
174196
174263
174264
174265
174333
174334
174335
174403
174404
178466
178535
178536
178537
178605
178606
178607
178674
178675
178676
178677
178744
178745
178746
178747
178814
178815
178816
178817
178883
178884
178885
178886
178953
178954
178955
178956
179023
179024
179025
179026
179093
179094
179095
179163
179164
179165
179233
179234
183645
183646
183715
183716
183784
183785
183854
183855
183924
343019
343020
343025
343027
343031
343032
343033
343034
343039
343040
343041
343045
343046
343047
343048
343050
343051
343054
343055
343056
343059
343060
343061
343063
343064
343065
343068
343069
343070
343073
343074
343077
343078
343079
343084
343085
343086
343091
343092
343093
343105
343106
343107
343112
343113
343126
343127
343128
343133
343164
343165
343166
343175
343176
343177
343178
343179
343180
343181
343182
343184
343185
343186
343187
343188
343189
343190
343191
343192
343193
343194
343195
343196
343197
343198
343199
343200
343201
343202
343203
343204
343205
343206
343207
343208
343209
343210
343211
343212
343213
343214
343215
343216
343217
343218
343219
343220
343221
343222
343223
343233
343237
343250
343256
343262
343282
343286
343287
343288
343289
343291
343292
343293
343295
343301
343311
343322
343323
343324
343325
343326
343327
343328
343329
343330
343331
343332
343333
343334
343335
343336
343337
343338
343339
343340
343341
343342
343343
343344
343345
343347
343349
343350
343351
343352
343353
343354
343355
343356
343357
343358
343359
343360
343361
343362
343363
343364
343365
343366
343368
343370
343371
343372
343373
343374
343375
343376
343377
343378
343379
343380
343381
343382
343383
343384
343385
343387
343393
343400
343401
343403
343414
343415
343417
343421
343422
343424
343428
343442
343443
343445
343479
343482
343486
343492
343493
343496
343499
343500
343503
343506
343507
343510
343513
343514
343517
343520
343521
343524
343527
343528
343531
343534
343535
343538
343541
343542
343545
343546
343548
343549
343551
343552
343553
343555
343556
343558
343559
343560
343562
343563
343564
343565
343566
343567
343569
343570
343571
343572
343573
343574
343575
343576
343578
343579
343580
343581
343582
343583
343585
343586
343588
343589
343590
343592
343593
343596
343597
343599
343603
343604
343606
343610
343611
343613
343617
343618
343620
343624
343625
343627
343631
343632
343634
343645
343646
343648
343652
343653
343655
343659
343660
343662
343666
343667
343669
343687
343688
343690
343694
343695
343697
343794
343795
343796
343797
343816
343818
343822
343823
343824
343825
343829
343831
343837
343843
343844
343845
343850
343909
343913
343915
343916
343922
343930
343934
343935
343936
343937
343941
343942
343943
343944
343948
343950
343956
343957
343958
343961
343962
343963
343964
343965
343967
343969
343970
343971
343972
343976
343978
343986
343990
343992
343994
343995
343996
343997
343998
343999
344000
344002
344004
344005
344006
344007
344011
344013
344019
344021
344022
344023
344024
344025
344026
344027
344028
344030
344032
344033
344034
344035
344039
344041
344050
344052
344054
344055
344056
344057
344058
344059
344060
344061
344062
344063
344065
344067
344068
344069
344070
344074
344084
344085
344087
344088
344089
344090
344091
344092
344093
344094
344095
344096
344097
344098
344099
344100
344101
344102
344103
344104
344105
344107
344109
344110
344111
344124
344126
344127
344129
344130
344131
344132
344133
344134
344135
344136
344137
344138
344139
344140
344141
344142
344144
344145
344146
344147
344151
344153
344159
344161
344162
344164
344165
344166
344167
344168
344169
344170
344171
344172
344173
344174
344175
344177
344179
344180
344181
344182
344186
344188
344194
344196
344197
344199
344200
344201
344202
344203
344204
344205
344207
344208
344209
344210
344214
344215
344216
344229
344231
344232
344235
344236
344237
344238
344242
344243
344244
344245
344249
344251
344257
344263
344264
344265
344266
344270
344271
344272
344285
344329
344330
344331
344332
344333
344334
344335
344336
344337
344338
344339
344340
344341
344342
344343
344345
344347
344349
344365
344367
344369
344370
344371
344373
344375
344377
344388
344392
344393
344394
344395
344396
344397
344398
344399
344400
344401
344402
344403
344404
344405
344406
344408
344410
344412
344428
344430
344432
344434
344435
344436
344437
344438
344439
344440
344441
344443
344445
344447
344463
344465
344467
344468
344469
344470
344471
344472
344473
344474
344475
344476
344478
344480
344482
344493
344497
344498
344499
344500
344501
344502
344503
344504
344505
344506
344507
344508
344509
344510
344511
344513
344515
344517
344519
344521
344523
344525
344526
344527
344528
344529
344530
344531
344532
344533
344534
344535
344536
344537
344538
344539
344543
344554
344556
344558
344560
344562
344564
344565
344566
344582
344584
344586
344588
344590
344592
344594
344610
344612
344614
344616
344617
344618
344620
344621
344622
344623
344627
344638
344640
344642
344644
344646
344648
344649
344650
344666
344668
344670
344672
344673
344674
344675
344676
344677
344678
344679
344680
344681
344683
344684
344685
344686
344690
344708
344709
344711
344712
344713
344714
344716
344717
344721
344764
344780
344784
344785
344786
344787
344789
344790
344791
344792
344793
344794
344795
344796
344797
344798
344800
344802
344804
344820
344821
344822
344824
344826
344828
344830
344832
344843
344847
344848
344849
344850
344851
344852
344853
344854
344856
344858
344860
344876
344878
344880
344882
344884
344886
344888
344904
344905
344906
344908
344909
344910
344912
344914
344916
344927
344931
344932
344933
344934
344935
344936
344937
344938
344939
344940
344941
344942
344943
344944
344945
344947
344949
344951
344953
344955
344957
344959
344960
344961
344962
344963
344964
344965
344966
344967
344968
344969
344970
344971
344972
344973
344977
344988
344990
344992
344994
344995
344996
344997
344998
344999
345000
345001
345002
345003
345005
345007
345023
345025
345027
345029
345031
345033
345035
345051
345053
345055
345057
345058
345059
345060
345061
345062
345063
345068
345079
345081
345083
345085
345086
345087
345089
345091
345107
345109
345111
345114
345115
345116
345117
345118
345119
345120
345121
345122
345123
345124
345125
345126
345149
345150
345151
345152
345153
345154
345155
345192
345205
345206
345207
345212
345213
345214
345220
345226
345228
345233
345234
345235
345239
345240
345241
345242
345245
345248
345261
345262
345263
345267
345268
345269
345270
345272
345273
345274
345275
345276
345277
345278
345280
345283
345289
345291
345296
345297
345298
345300
345302
345303
345304
345305
345306
345307
345308
345309
345310
345311
345312
345313
345315
345318
345324
345326
345331
345332
345333
345335
345336
345337
345338
345339
345340
345341
345343
345346
345359
345360
345361
345363
345365
345366
345367
345368
345369
345371
345382
345387
345388
345389
345390
345391
345392
345393
345394
345395
345397
345399
345408
345410
345415
345416
345417
345418
345419
345420
345421
345422
345423
345424
345425
345426
345427
345430
345436
345438
345443
345444
345445
345447
345449
345450
345451
345452
345453
345455
345464
345466
345471
345472
345473
345475
345477
345478
345479
345480
345481
345482
345483
345485
345486
345499
345501
345506
345507
345508
345513
345514
345515
345527
345534
345536
345541
345606
345611
345612
345613
345619
345640
345641
345643
345646
345668
345671
345689
345690
345692
345709
345710
345715
345830
345831
345834
345858
345862
345866
345869
345872
345873
345876
345879
345880
345883
345886
345887
345890
345898
345900
345901
345903
345904
345905
345907
345908
345910
345911
345912
345913
345914
345915
345916
345917
345918
345919
345924
345926
345931
345933
345938
345940
345945
345947
345948
345949
345950
345951
345952
345953
345954
345955
345957
345958
345959
345960
345961
345962
345963
345965
345966
345968
345969
345970
345972
345973
345975
345982
345990
345991
345993
346005
346007
346011
346012
346014
346025
346028
346033
346035
346053
346054
346056
346060
346061
346063
346070
346172
346175
346177
346179
346184
346187
346188
346191
346195
346198
346214
346215
346216
346217
346218
346219
346221
346222
346223
346224
346225
346226
346227
346228
346229
346230
346231
346232
346233
346234
346235
346236
346237
346238
346239
346240
346241
346242
346243
346244
346245
346246
346247
346249
346250
346251
346252
346253
346254
346256
346258
346259
346260
346261
346262
346263
346264
346265
346266
346267
346268
346269
346270
346271
346272
346273
346274
346275
346276
346277
346278
346279
346280
346281
346282
346283
346284
346285
346286
346287
346288
346289
346290
346291
346292
346293
346294
346295
346296
346297
346298
346299
346300
346301
346302
346303
346304
346305
346306
346307
346308
346309
346310
346311
346312
346313
346314
346315
346316
346317
346318
346319
346320
346321
346322
346323
346324
346325
346326
346327
346328
346329
346330
346331
346332
346333
346334
346335
346336
346337
346338
346339
346340
346341
346342
346343
346344
346345
346346
346347
346348
346349
346350
346351
346352
346353
346354
346355
346356
346357
346358
346359
346382
346383
346387
346389
346398
346400
346402
346403
346404
346405
346406
346407
346408
346410
346424
346430
346431
346432
346434
346445
346446
346458
346459
346460
346462
346463
346466
346486
346487
346488
346489
346490
346491
346492
346495
346497
346501
346535
346537
346544
346548
346549
346550
346551
346552
346553
346554
346555
346570
346572
346574
346575
346577
346578
346579
346581
346583
346591
346593
346605
346606
346607
346609
346611
346612
346626
346634
346640
346647
346649
346652
346668
346669
346670
346671
346672
346673
346674
346675
346676
346677
346678
346679
346680
346681
346682
346683
346684
346685
346686
346687
346688
346689
346690
346691
346692
346693
346694
346695
346696
346697
346698
346699
346700
346701
346702
346706
346708
346710
346711
346712
346713
346714
346715
346716
346720
346723
346724
346725
346726
346727
346728
346729
346730
346731
346732
346733
346734
346735
346736
346737
346738
346739
346740
346741
346742
346743
346744
346745
346746
346747
346748
346749
346750
346751
346755
346757
346758
346759
346760
346761
346762
346763
346764
346765
346769
346770
346771
346772
346773
346774
346775
346776
346777
346778
346779
346780
346781
346782
346783
346784
346785
346786
346787
346788
346789
346790
346791
346792
346793
346794
346795
346796
346797
346798
346799
346800
346801
346802
346803
346804
346805
346806
346807
346808
346813
346815
346822
346823
346828
346836
346878
347046
347052
347067
347069
347071
347072
347073
347095
347096
347097
347098
347099
347100
347101
347123
347124
347125
347126
347127
347128
347129
347151
347152
347153
347154
347155
347156
347157
347158
347163
347165
347166
347167
347168
347169
347170
347171
347172
347173
347174
347177
347178
347186
347189
347191
347192
347193
347194
347195
347196
347197
347198
347199
347203
347206
347221
347222
347224
347225
347226
347227
347228
347229
347230
347231
347232
347233
347234
347235
347236
347237
347238
347239
347240
347241
347263
347264
347266
347268
347269
347270
347271
347272
347273
347274
347275
347276
347277
347280
347282
347283
347291
347294
347296
347298
347299
347301
347303
347304
347349
347350
347352
347353
347354
347355
347356
347357
347358
347359
347360
347361
347364
347365
347367
347375
347376
347377
347378
347379
347380
347381
347382
347383
347384
347385
347386
347387
347388
347389
347390
347391
347392
347393
347394
347395
347403
347404
347405
347406
347407
347408
347409
347410
347411
347412
347413
347414
347415
347416
347417
347418
347419
347420
347421
347422
347423
347431
347432
347433
347434
347435
347436
347437
347438
347439
347440
347441
347442
347443
347444
347445
347449
347450
347452
347453
347454
347455
347456
347457
347458
347459
347460
347461
347462
347463
347464
347465
347473
347474
347475
347476
347477
347478
347479
347482
347483
347485
347486
347511
347514
347529
347530
347531
347532
347533
347534
347535
347536
347537
347538
347539
347540
347541
347542
347550
347557
347558
347559
347560
347561
347562
347563
347564
347565
347566
347567
347568
347569
347570
347571
347572
347573
347574
347575
347576
347577
347578
347583
347585
347586
347587
347588
347589
347590
347591
347595
347598
347606
347611
347613
347614
347615
347616
347617
347618
347619
347620
347621
347622
347623
347624
347625
347626
347627
347628
347629
347630
347631
347632
347633
347644
347647
347662
347663
347664
347665
347666
347667
347668
347669
347670
347671
347672
347673
347674
347675
347676
347680
347683
347684
347685
347686
347687
347688
347689
347690
347691
347692
347693
347694
347695
347696
347711
347712
347713
347714
347715
347716
347717
347718
347719
347720
347721
347722
347723
347724
347725
347726
347727
347728
347729
347730
347731
347739
347740
347741
347742
347743
347744
347745
347746
347747
347748
347749
347750
347751
347752
347753
347754
347755
347756
347757
347758
347759
347760
347761
347762
347764
347765
347767
347768
347769
347770
347771
347772
347773
347774
347775
347776
347777
347778
347779
347780
347781
347782
347783
347784
347785
347786
347787
347795
347796
347797
347798
347799
347800
347801
347802
347803
347804
347805
347806
347807
347808
347832
347833
347836
347851
347852
347853
347854
347855
347856
347857
347865
347866
347869
347870
347872
347873
347874
347875
347876
347877
347878
347879
347880
347881
347882
347883
347884
347885
347886
347887
347888
347889
347890
347891
347892
347893
347894
347897
347898
347900
347901
347902
347903
347904
347905
347906
347909
347910
347913
347921
347922
347925
347926
347928
347929
347930
347931
347932
347933
347934
347935
347936
347937
347938
347939
347940
347941
347950
347953
347954
347957
347958
347959
347962
347984
347985
347986
347988
347990
348005
348006
348007
348008
348009
348010
348011
348012
348013
348014
348015
348016
348017
348018
348021
348023
348025
348033
348034
348037
348041
348042
348043
348044
348046
348061
348062
348063
348064
348065
348066
348067
348069
348070
348071
348072
348074
348098
348099
348102
348110
348111
348112
348114
348115
348119
348131
348132
348133
348134
348135
348136
348137
348160
348161
348162
348208
348209
348210
348211
348212
348213
348214
348216
348217
348218
348219
348221
348230
348231
348233
348234
348237
348238
348239
348240
348241
348242
348321
348322
348324
348531
348534
348536
348538
348540
348543
348546
348547
348550
348552
348555
348557
348582
348595
348616
348617
348620
348623
348624
348627
348630
348631
348634
348637
348638
348641
348643
348646
348648
348650
348658
348662
348700
348701
348704
348707
348708
348711
348714
348715
348718
348721
348722
348725
348841
348844
348848
348851
348853
348854
348855
348856
348857
348858
348873
348877
348879
348880
348884
348886
348887
348888
348889
348890
348891
348892
348893
348896
348897
348899
348900
348925
348936
348938
348939
348940
348942
348943
348949
348951
348952
348953
348958
348959
348960
348963
348964
348966
348967
348968
348969
348970
348971
348972
348973
348974
348975
348976
348977
348978
348979
348980
348981
348982
348983
348984
348993
348994
348997
348998
349000
349005
349006
349007
349008
349009
349010
349011
349012
349013
349014
349015
349016
349017
349018
349019
349020
349021
349022
349023
349024
349025
349026
349037
349042
349043
349044
349057
349071
349072
349073
349074
349078
349082
349083
349084
349085
349086
349087
349088
349089
349091
349092
349093
349094
349096
349100
349102
349103
349104
349105
349106
349107
349108
349109
349110
349114
349115
349116
349117
349118
349119
349120
349121
349122
349123
349124
349125
349126
349127
349128
349129
349130
349131
349140
349141
349142
349144
349145
349154
349155
349156
349157
349159
349175
349188
349189
349190
349192
349198
349199
349200
349201
349202
349203
349204
349205
349206
349207
349208
349210
349212
349213
349214
349215
349224
349225
349226
349228
349229
349238
349239
349241
349243
349253
349259
349260
349272
349273
349274
349275
349276
349278
349282
349285
349286
349287
349288
349289
349290
349291
349292
349293
349296
349297
349298
349299
349300
349301
349302
349303
349304
349305
349306
349310
349312
349313
349314
349315
349316
349317
349318
349319
349320
349329
349331
349333
349344
349363
349364
349365
349366
349369
349376
349377
349378
349379
349380
349383
349384
349386
349387
349388
349390
349391
349393
349394
349396
349397
349399
349403
349405
349406
349407
349408
349409
349410
349411
349412
349418
349419
349420
349421
349422
349423
349424
349425
349426
349427
349428
349429
349430
349431
349432
349436
349456
349461
349462
349463
349464
349465
349466
349467
349468
349474
349475
349476
349477
349478
349479
349480
349481
349482
349483
349484
349485
349486
349487
349488
349489
349490
349491
349492
349493
349494
349495
349496
349497
349498
349499
349500
349501
349502
349503
349504
349505
349506
349507
349508
349509
349510
349511
349512
349513
349514
349515
349516
349522
349524
349525
349527
349529
349530
349538
349540
349541
349542
349544
349545
349547
349548
349550
349551
349583
349585
349595
349596
349598
349601
349602
349603
349604
349605
349606
349607
349608
349610
349611
349612
349613
349614
349615
349616
349617
349618
349619
349620
349621
349622
349623
349624
349625
349626
349627
349628
349629
349630
349631
349632
349633
349634
349635
349636
349637
349638
349639
349640
349641
349642
349643
349644
349645
349646
349647
349648
349649
349650
349651
349652
349653
349654
349655
349656
349660
349662
349664
349665
349666
349667
349668
349669
349670
349673
349677
349678
349679
349680
349681
349682
349684
349714
349715
349716
349718
349719
349728
349729
349730
349731
349733
349734
349735
349736
349737
349738
349739
349740
349741
349743
349744
349745
349746
349747
349748
349749
349750
349751
349752
349753
349754
349755
349756
349757
349758
349759
349760
349761
349762
349763
349764
349765
349766
349767
349768
349769
349770
349771
349772
349773
349774
349775
349776
349777
349779
349781
349782
349783
349784
349785
349786
349787
349788
349789
349790
349796
349797
349798
349799
349800
349801
349802
349803
349805
349806
349807
349809
349820
349847
349848
349849
349851
349852
349861
349862
349863
349864
349866
349867
349868
349869
349870
349871
349872
349873
349874
349877
349879
349880
349881
349882
349883
349884
349885
349886
349887
349888
349889
349890
349891
349892
349893
349894
349895
349896
349897
349898
349899
349900
349901
349902
349903
349904
349905
349906
349907
349908
349919
349921
349923
349925
349926
349927
349929
349930
349931
349932
349933
349934
349935
349936
349937
349940
349943
349973
349974
349975
349977
349978
349988
349990
349992
349993
349996
349998
349999
350000
350007
350010
350012
350013
350014
350015
350016
350017
350018
350019
350020
350021
350022
350023
350024
350025
350026
350027
350028
350029
350030
350031
350032
350033
350034
350035
350038
350040
350042
350045
350047
350049
350056
350057
350058
350059
350060
350061
350062
350063
350064
350065
350066
350067
350068
350069
350070
350071
350072
350073
350074
350075
350076
350078
350079
350080
350081
350082
350083
350093
350101
350133
350134
350135
350136
350137
350139
350140
350141
350142
350143
350144
350145
350146
350147
350150
350153
350154
350155
350157
350158
350160
350161
350162
350163
350164
350165
350166
350167
350170
350172
350174
350178
350181
350189
350196
350213
350232
350233
350234
350235
350238
350239
350240
350241
350242
350243
350244
350245
350246
350247
350248
350249
350250
350251
350253
350254
350255
350256
350257
350258
350259
350260
350261
350262
350263
350264
350265
350273
350274
350275
350276
350278
350279
350287
350288
350289
350290
350291
350292
350293
350301
350302
350303
350304
350305
350306
350307
350311
350313
350314
350322
350324
350325
350326
350327
350328
350329
350331
350335
350336
350337
350338
350339
350340
350341
350342
350349
350350
350351
350352
350353
350354
350355
350356
350357
350360
350362
350363
350364
350371
350372
350373
350374
350375
350376
350377
350378
350384
350385
350386
350387
350388
350389
350390
350391
350392
350394
350396
350398
350399
350400
350401
350402
350403
350404
350405
350406
350409
350411
350412
350423
350425
350430
350442
350443
350444
350445
350448
350449
350450
350451
350452
350453
350454
350455
350456
350457
350458
350459
350460
350461
350462
350467
350469
350470
350471
350472
350473
350474
350475
350476
350482
350483
350484
350485
350486
350487
350488
350489
350490
350492
350494
350496
350497
350498
350499
350500
350501
350502
350503
350504
350507
350509
350510
350511
350512
350514
350516
350517
350524
350525
350526
350527
350528
350529
350530
350531
350539
350540
350541
350542
350543
350544
350545
350549
350551
350552
350553
350554
350555
350556
350557
350558
350559
350560
350565
350567
350568
350569
350570
350571
350572
350573
350581
350582
350583
350584
350585
350586
350587
350588
350590
350592
350594
350595
350596
350597
350598
350599
350600
350601
350602
350605
350607
350608
350630
350631
350632
350633
350634
350635
350636
350637
350639
350640
350641
350642
350643
350644
350646
350647
350648
350650
350651
350652
350653
350654
350655
350656
350657
350665
350666
350668
350669
350670
350671
350679
350680
350681
350682
350683
350684
350685
350688
350693
350694
350695
350696
350697
350698
350699
350717
350719
350724
350726
350736
350737
350739
350742
350743
350744
350745
350746
350747
350748
350749
350750
350751
350752
350753
350754
350755
350764
350766
350768
350777
350778
350779
350780
350781
350782
350783
350792
350793
350795
350797
350807
350808
350811
350819
350820
350822
350824
350825
350833
350834
350836
350838
350839
350847
350848
350849
350850
350851
350852
350853
350854
350855
350856
350857
350858
350859
350860
350861
350862
350863
350864
350865
350866
350867
350868
350869
350870
350871
350872
350873
350874
350883
350885
350887
350898
350900
350903
350904
350905
350906
350907
350908
350909
350917
350918
350919
350920
350921
350922
350923
350931
350932
350933
350934
350935
350936
350937
350941
350945
350946
350947
350948
350949
350950
350951
350952
350953
350955
350956
350957
350959
350960
350961
350962
350963
350964
350965
350966
350968
350970
350972
350973
350974
350975
350976
350977
350978
350979
350980
350982
350983
350985
350986
351008
351009
351010
351011
351012
351013
351014
351015
351021
351022
351023
351024
351025
351026
351027
351028
351029
351031
351033
351035
351036
351037
351038
351039
351040
351041
351042
351043
351046
351048
351049
351055
351057
351058
351060
351062
351071
351072
351073
351074
351075
351076
351077
351078
351080
351082
351084
351085
351086
351087
351088
351089
351090
351091
351106
351107
351108
351109
351110
351111
351112
351113
351119
351120
351121
351122
351123
351124
351125
351126
351127
351129
351131
351133
351134
351137
351139
351140
351141
351142
351143
351144
351145
351146
351147
351148
351149
351150
351151
351152
351153
351154
351155
351156
351157
351158
351159
351160
351161
351162
351163
351164
351165
351166
351167
351168
351177
351179
351181
351192
351197
351198
351199
351200
351201
351202
351203
351204
351210
351211
351212
351213
351214
351215
351216
351217
351218
351220
351222
351224
351225
351226
351227
351228
351229
351230
351231
351232
351235
351237
351238
351239
351240
351241
351242
351243
351244
351245
351246
351247
351251
351253
351254
351256
351257
351258
351259
351267
351268
351269
351271
351273
351274
351275
351276
351277
351278
351279
351280
351281
351287
351295
351296
351297
351298
351299
351300
351301
351309
351311
351312
351313
351315
351316
351318
351320
351322
351323
351324
351325
351326
351327
351328
351329
351336
351337
351338
351339
351340
351341
351342
351343
351344
351345
351346
351347
351348
351349
351350
351351
351352
351353
351354
351355
351356
351357
351360
351361
351363
351364
351365
351366
351367
351368
351369
351370
351371
351380
351381
351382
351383
351384
351415
351416
351417
351419
351420
351429
351432
351437
351438
351440
351441
351442
351443
351444
351445
351446
351447
351448
351449
351450
351451
351452
351453
351454
351455
351461
351463
351464
351465
351466
351467
351468
351469
351470
351472
351474
351476
351477
351479
351480
351481
351482
351491
351492
351493
351494
351495
351496
351497
351512
351513
351514
351515
351516
351517
351518
351519
351521
351522
351523
351525
351533
351534
351536
351537
351538
351539
351540
351543
351545
351546
351547
351548
351549
351550
351551
351552
351553
351554
351555
351558
351559
351561
351563
351565
351567
351568
351569
351570
351571
351572
351573
351574
351575
351579
351582
351583
351584
351585
351586
351587
351588
351589
351594
351605
351618
351620
351622
351632
351635
351638
351639
351640
351641
351642
351643
351644
351645
351646
351647
351648
351649
351650
351651
351652
351653
351656
351657
351659
351660
351661
351662
351663
351664
351665
351666
351668
351670
351672
351673
351674
351675
351676
351677
351678
351679
351680
351684
351687
351688
351689
351690
351691
351692
351693
351694
351699
351701
351702
351703
351704
351705
351706
351707
351710
351712
351714
351715
351716
351717
351718
351719
351720
351721
351729
351730
351732
351733
351734
351735
351741
351743
351744
351745
351746
351747
351748
351749
351750
351751
351754
351755
351757
351758
351759
351760
351761
351762
351763
351764
351766
351768
351770
351771
351772
351773
351774
351775
351776
351777
351778
351782
351785
351786
351787
351788
351789
351790
351791
351792
351820
351821
351822
351823
351824
351825
351826
351827
351829
351831
351833
351834
351835
351836
351837
351838
351839
351840
351841
351842
351844
351845
351846
351847
351849
351853
351855
351856
351857
351858
351859
351860
351861
351869
351870
351871
351872
351873
351874
351875
351883
351884
351885
351887
351888
351889
351899
351903
351912
351914
351916
351926
351929
351932
351933
351934
351935
351936
351937
351938
351939
351940
351941
351942
351943
351944
351945
351954
351956
351957
351958
351968
351970
351971
351972
351982
351983
351985
351995
351997
351998
351999
352001
352009
352010
352011
352012
352013
352014
352015
352023
352025
352028
352037
352038
352039
352041
352042
352044
352045
352046
352047
352048
352049
352050
352051
352052
352053
352054
352055
352056
352057
352058
352059
352060
352061
352062
352063
352064
352073
352077
352080
352084
352093
352094
352095
352096
352097
352098
352099
352102
352107
352108
352109
352110
352111
352112
352113
352121
352122
352123
352125
352126
352127
352135
352136
352137
352138
352139
352140
352141
352142
352143
352144
352145
352146
352147
352148
352149
352151
352153
352155
352156
352157
352158
352160
352162
352163
352164
352165
352166
352167
352168
352169
352170
352175
352176
352191
352192
352193
352194
352195
352196
352197
352198
352200
352202
352204
352205
352206
352207
352208
352209
352210
352211
352219
352220
352221
352222
352223
352224
352225
352226
352231
352233
352234
352235
352236
352237
352238
352239
352240
352241
352244
352245
352247
352248
352249
352250
352251
352252
352253
352261
352262
352263
352264
352265
352266
352267
352272
352275
352276
352277
352279
352289
352290
352291
352292
352293
352294
352295
352296
352298
352300
352302
352303
352304
352305
352306
352307
352308
352309
352310
352314
352317
352318
352319
352320
352321
352322
352323
352324
352329
352331
352332
352333
352334
352335
352336
352337
352338
352339
352340
352341
352342
352343
352344
352345
352346
352347
352348
352349
352350
352351
352352
352353
352354
352355
352356
352357
352358
352374
352378
352387
352388
352389
352390
352391
352392
352393
352394
352396
352398
352400
352401
352402
352403
352404
352405
352406
352407
352408
352412
352415
352416
352417
352418
352419
352420
352421
352422
352429
352430
352431
352432
352433
352434
352435
352436
352437
352440
352441
352443
352444
352445
352446
352447
352448
352449
352450
352454
352457
352458
352459
352460
352461
352462
352463
352464
352466
352468
352471
352472
352473
352475
352476
352477
352485
352486
352487
352488
352489
352490
352491
352499
352500
352501
352502
352503
352504
352505
352513
352514
352515
352516
352517
352518
352527
352530
352531
352532
352534
352535
352536
352537
352538
352539
352540
352541
352542
352543
352544
352545
352546
352547
352548
352550
352551
352552
352553
352554
352555
352556
352557
352558
352559
352560
352561
352562
352563
352564
352565
352566
352567
352568
352571
352572
352574
352575
352591
352605
352612
352620
352622
352627
352629
352631
352632
352633
352634
352635
352636
352637
352638
352653
352655
352657
352660
352661
352662
352663
352664
352665
352666
352667
352668
352669
352670
352671
352673
352689
352703
352711
352724
352725
352726
352727
352728
352729
352737
352738
352739
352740
352741
352742
352743
352744
352745
352746
352747
352748
352749
352750
352751
352758
352759
352762
352763
352765
352766
352769
352770
352772
352773
352775
352776
352777
352779
352780
352781
352782
352783
352784
352785
352786
352787
352788
352789
352790
352791
352792
352793
352794
352797
352798
352800
352807
352808
352811
352812
352814
352815
352819
352829
352830
352831
352832
352833
352863
352864
352865
352866
352867
352868
352869
352870
352871
352872
352873
352874
352876
352877
352878
352882
352889
352891
352892
352895
352896
352898
352899
352900
352901
352902
352903
352904
352905
352906
352907
352908
352909
352910
352911
352912
352913
352914
352915
352916
352917
352918
352919
352920
352921
352922
352923
352924
352925
352926
352927
352928
352929
352930
352931
352932
352933
352934
352937
352938
352940
352941
352942
352943
352944
352945
352946
352947
352948
352950
352951
352952
352962
352963
352964
352965
352966
352991
353004
353005
353006
353008
353017
353021
353024
353025
353026
353027
353028
353029
353030
353031
353032
353033
353035
353036
353038
353039
353040
353041
353042
353043
353044
353045
353046
353047
353048
353049
353050
353051
353052
353053
353054
353055
353056
353057
353058
353059
353060
353061
353062
353063
353064
353065
353066
353067
353068
353069
353070
353071
353072
353073
353074
353075
353076
353077
353078
353079
353080
353081
353082
353084
353085
353086
353087
353088
353089
353090
353091
353092
353093
353094
353095
353096
353098
353099
353100
353109
353110
353111
353112
353113
353136
353137
353138
353139
353140
353142
353145
353147
353150
353151
353152
353153
353154
353155
353156
353159
353162
353164
353168
353169
353171
353172
353173
353174
353175
353176
353177
353178
353179
353180
353181
353182
353183
353184
353185
353186
353187
353188
353189
353190
353191
353192
353193
353194
353195
353196
353197
353198
353199
353200
353201
353202
353203
353204
353205
353206
353208
353209
353210
353211
353212
353213
353214
353215
353216
353217
353218
353219
353222
353223
353224
353225
353226
353235
353269
353271
353272
353273
353274
353283
353284
353285
353286
353288
353292
353297
353299
353300
353301
353302
353304
353305
353306
353307
353308
353309
353310
353311
353312
353313
353314
353315
353316
353317
353318
353319
353320
353321
353322
353323
353324
353328
353330
353332
353333
353334
353335
353336
353337
353338
353342
353345
353360
353367
353368
353369
353371
353372
353374
353376
353378
353380
353381
353382
353384
353385
353386
353392
353395
353396
353397
353398
353400
353416
353423
353424
353425
353444
353445
353446
353447
353448
353449
353450
353451
353452
353453
353454
353455
353456
353457
353458
353459
353460
353461
353462
353463
353464
353466
353469
353472
353473
353474
353475
353476
353477
353486
353491
353497
353500
353503
353504
353506
353515
353516
353517
353518
353519
353536
353538
353540
353541
353542
353543
353544
353545
353546
353547
353548
353552
353553
353554
353555
353556
353557
353558
353559
353560
353561
353562
353563
353564
353565
353566
353567
353568
353569
353570
353571
353572
353573
353574
353575
353576
353577
353578
353579
353581
353582
353584
353585
353586
353587
353589
353590
353591
353596
353606
353620
353621
353622
353623
353625
353634
353635
353636
353637
353638
353654
353655
353656
353657
353658
353659
353660
353662
353663
353665
353666
353668
353669
353670
353671
353672
353673
353674
353675
353679
353680
353682
353683
353684
353686
353687
353689
353690
353691
353692
353693
353694
353695
353696
353697
353698
353699
353700
353701
353702
353703
353704
353705
353706
353707
353708
353709
353710
353711
353714
353715
353716
353717
353718
353719
353721
353722
353724
353725
353726
353727
353728
353729
353730
353733
353735
353738
353739
353742
353743
353756
353760
353761
353762
353767
353780
353781
353782
353783
353784
353785
353786
353787
353788
353789
353790
353791
353792
353793
353794
353798
353801
353802
353805
353806
353815
353819
353822
353823
353824
353825
353826
353827
353828
353829
353830
353831
353832
353833
353834
353835
353836
353837
353838
353840
353841
353842
353843
353844
353847
353848
353850
353851
353854
353857
353861
353879
353906
353907
353908
353909
353910
353911
353912
353913
353915
353917
353920
353922
353924
353942
353945
353950
353952
354054
354055
354057
354060
354064
354065
354067
354071
354072
354085
354228
354229
354230
354231
354232
354233
354234
354655
354656
354657
354658
354659
354660
354661
354669
354670
354671
354672
354673
354674
354675
354697
354698
354699
354700
354701
354702
354703
354718
354719
354720
354721
354722
354723
354724
354809
354810
354811
354812
354813
354814
354815
354830
354831
354832
354833
354834
354835
354836
354837
354838
354839
354840
354841
354842
354843
354858
354859
354860
354861
354862
354863
354864
354865
354866
354867
354868
354869
354870
354871
354872
354873
354874
354875
354876
354877
354878
354879
354880
354881
354882
354883
354884
354885
354886
354887
354888
354889
354890
354891
354892
354893
354894
354895
354896
354897
354898
354899
354900
354901
354902
354903
354904
354905
354906
354921
354922
354923
354924
354925
354926
354927
354942
354943
354944
354945
354946
354947
354948
354963
354964
354965
354966
354967
354968
354969
355012
355013
355014
355015
355016
355017
355018
355033
355034
355035
355036
355037
355038
355039
355047
355048
355049
355050
355051
355052
355053
355068
355069
355070
355071
355072
355073
355074
355089
355090
355091
355092
355093
355094
355095
355096
355097
355098
355099
355100
355101
355102
355103
355104
355105
355106
355107
355108
355109
355110
355111
355112
355113
355114
355115
355116
355117
355118
355119
355120
355121
355122
355123
355131
355132
355133
355134
355135
355136
355137
355145
355146
355147
355148
355149
355150
355151
355152
355153
355154
355155
355156
355157
355158
355166
355167
355168
355169
355170
355171
355172
355264
355265
355266
355267
355268
355269
355270
355278
355279
355280
355281
355282
355283
355284
355306
355307
355308
355309
355310
355311
355312
355341
355342
355343
355344
355345
355346
355347
355348
355349
355350
355351
355352
355353
355354
355355
355356
355357
355358
355359
355360
355361
355369
355370
355371
355372
355373
355374
355375
355859
355860
355861
355862
355863
355864
355865
355866
355867
355868
355869
355870
355871
355872
355873
355874
355875
355876
355877
355878
355879
355880
355881
355882
355883
355884
355885
355886
355887
355888
355889
355890
355891
355892
355893
355894
355895
355896
355897
355898
355899
355900
355901
355902
355903
355904
355905
355906
355907
356104
356105
356106
356107
356108
356109
356110
356111
356112
356113
356114
356115
356116
356117
356118
356119
356120
356121
356122
356123
356124
356125
356126
356127
356128
356129
356130
356131
356132
356133
356134
356135
356136
356137
356138
356139
356140
356141
356142
356143
356144
356145
356146
356147
356148
356149
356150
356151
356152
356153
356154
356155
356156
356157
356158
356159
356251
356252
356253
356254
356255
356256
356257
356258
356259
356260
356261
356262
356263
356264
356265
356266
356267
356268
356269
356270
356271
356272
356273
356274
356275
356276
356277
356278
356279
356280
356281
356282
356283
356284
356285
356286
356287
356288
356289
356290
356291
356292
356293
356294
356295
356296
356297
356298
356299
356300
356301
356302
356303
356304
356305
356306
356307
356308
356309
356310
356311
356312
356313
356314
356315
356316
356317
356318
356319
356320
356321
356322
356323
356324
356325
356326
356327
356328
356329
356330
356331
356332
356333
356334
356335
356336
356337
356338
356339
356340
356341
356342
356343
356344
356345
356346
356347
356348
356349
356350
356351
356352
356353
356354
356355
356356
356357
356358
356359
356360
356361
356362
356363
356364
356365
356366
356367
356368
356369
356370
356371
356372
356373
356374
356375
356376
356706
356707
356708
356709
356710
356711
356712
356713
356714
356715
356716
356717
356718
356719
356727
356728
356729
356730
356731
356732
356733
356734
356735
356736
356737
356738
356739
356740
356755
356756
356757
356758
356759
356760
356761
356762
356763
356764
356765
356766
356767
356768
356776
356777
356778
356779
356780
356781
356782
356797
356798
356799
356800
356801
356802
356803
356804
356805
356806
356807
356808
356809
356810
356846
356847
356848
356849
356850
356851
356852
356853
356854
356855
356856
356857
356858
356859
356860
356861
356862
356863
356864
356865
356866
356867
356868
356869
356870
356871
356872
356873
356874
356875
356876
356877
356878
356879
356880
356888
356889
356890
356891
356892
356893
356894
356895
356896
356897
356898
356899
356900
356901
356902
356903
356904
356905
356906
356907
356908
356909
356910
356911
356912
356913
356914
356915
356930
356931
356932
356933
356934
356935
356936
356937
356938
356939
356940
356941
356942
356943
356944
356945
356946
356947
356948
356949
356950
356965
356966
356967
356968
356969
356970
356971
356972
356973
356974
356975
356976
356977
356978
356979
356980
356981
356982
356983
356984
356985
356986
356987
356988
356989
356990
356991
356992
357000
357001
357002
357003
357004
357005
357006
357007
357008
357009
357010
357011
357012
357013
357112
357113
357114
357115
357116
357117
357118
357119
357120
357121
357122
357123
357124
357125
357126
357127
357128
357129
357130
357131
357132
357133
357134
357135
357136
357137
357138
357139
357161
357162
357163
357164
357165
357166
357167
357203
357204
357205
357206
357207
357208
357209
357210
357211
357212
357213
357214
357215
357216
357273
357274
357275
357276
357277
357278
357279
357280
357281
357282
357283
357284
357285
357286
357308
357309
357310
357311
357312
357313
357314
357315
357316
357317
357318
357319
357320
357321
357322
357323
357324
357325
357326
357327
357328
357329
357330
357331
357332
357333
357334
357335
357336
357337
357338
357339
357340
357341
357342
357343
357344
357345
357346
357347
357348
357349
357350
357351
357352
357353
357354
357355
357356
357378
357379
357380
357381
357382
357383
357384
357413
357414
357415
357416
357417
357418
357419
357448
357449
357450
357451
357452
357453
357454
357455
357456
357457
357458
357459
357460
357461
357462
357463
357464
357465
357466
357467
357468
357511
357512
357513
357514
357515
357516
357517
357539
357540
357541
357542
357543
357544
357545
357546
357547
357548
357549
357550
357551
357552
357553
357554
357555
357556
357557
357558
357559
357616
357617
357618
357619
357620
357621
357622
357623
357624
357625
357626
357627
357628
357629
357630
357631
357632
357633
357634
357635
357636
357637
357638
357639
357640
357641
357642
357643
357665
357666
357667
357668
357669
357670
357671
357672
357673
357674
357675
357676
357677
357678
357700
357701
357702
357703
357704
357705
357706
357770
357771
357772
357773
357774
357775
357776
357777
357778
357779
357780
357781
357782
357783
357791
357792
357793
357794
357795
357796
357797
357798
357799
357800
357801
357802
357803
357804
357805
357806
357807
357808
357809
357810
357811
357812
357813
357814
357815
357816
357817
357818
357819
357820
357821
357822
357823
357824
357825
357826
357827
357828
357829
357830
357831
357832
357833
357834
357835
357836
357837
357838
357839
357861
357862
357863
357864
357865
357866
357867
357868
357869
357870
357871
357872
357873
357874
357875
357876
357877
357878
357879
357880
357881
357945
357946
357947
357948
357949
357950
357951
357952
357953
357954
357955
357956
357957
357958
358015
358016
358017
358018
358019
358020
358021
358022
358023
358024
358025
358026
358027
358028
358029
358030
358031
358032
358033
358034
358035
358036
358037
358038
358039
358040
358041
358042
358127
358128
358129
358130
358131
358132
358133
358134
358135
358136
358137
358138
358139
358140
358155
358156
358157
358158
358159
358160
358161
358162
358163
358164
358165
358166
358167
358168
358169
358170
358171
358172
358173
358174
358175
358183
358184
358185
358186
358187
358188
358189
358190
358191
358192
358193
358194
358195
358196
358197
358198
358199
358200
358201
358202
358203
358211
358212
358213
358214
358215
358216
358217
358218
358219
358220
358221
358222
358223
358224
358239
358240
358241
358242
358243
358244
358245
358246
358247
358248
358249
358250
358251
358252
358295
358296
358297
358298
358299
358300
358301
358316
358317
358318
358319
358320
358321
358322
358323
358324
358325
358326
358327
358328
358329
358344
358345
358346
358347
358348
358349
358350
358351
358352
358353
358354
358355
358356
358357
358372
358373
358374
358375
358376
358377
358378
358379
358380
358381
358382
358383
358384
358385
358414
358415
358416
358417
358418
358419
358420
358694
358695
358696
358697
358698
358699
358700
358701
358702
358703
358704
358705
358706
358707
358708
358709
358710
358711
358712
358713
358714
358715
358716
358717
358718
358719
358720
358721
358722
358723
358724
358725
358726
358727
358728
358729
358730
358731
358732
358733
358734
358735
358736
358737
358738
358739
358740
358741
358742
358743
358744
358745
358746
358747
358748
358749
358918
358919
358920
358921
358922
358923
358924
359065
359066
359067
359068
359069
359070
359071
)


// ************************************************************************* //
