/*--------------------------------*- C++ -*----------------------------------*\
| =========                 |                                                 |
| \\      /  F ield         | OpenFOAM: The Open Source CFD Toolbox           |
|  \\    /   O peration     | Version:  v2012                                 |
|   \\  /    A nd           | Website:  www.openfoam.com                      |
|    \\/     M anipulation  |                                                 |
\*---------------------------------------------------------------------------*/
FoamFile
{
    version     2.0;
    format      ascii;
    class       labelList;
    note        "nPoints:8920  nCells:6041  nFaces:20943  nInternalFaces:17049";
    location    "constant/ellipse/polyMesh";
    object      neighbour;
}
// * * * * * * * * * * * * * * * * * * * * * * * * * * * * * * * * * * * * * //


17049
(
212
218
502
503
506
224
492
1598
1599
1600
163
225
231
4802
4803
4806
238
509
1605
1606
1607
232
532
537
538
541
170
239
245
4809
4810
4813
252
525
1612
1613
1614
246
451
551
1621
1622
1625
208
253
557
4816
4817
4818
544
564
1628
1629
457
558
577
4824
4825
4826
461
565
583
1637
1639
1640
464
584
600
1653
1654
1655
467
591
606
1660
1661
1662
607
622
1672
1673
1674
613
628
1679
629
639
1686
1687
174
469
660
1694
1695
1698
667
1701
1703
474
661
677
4830
4831
4832
478
668
1705
1712
1713
1715
2249
2250
2253
482
674
1712
1720
1721
1722
214
687
694
695
697
1268
1269
1272
1706
5516
5519
5522
493
694
1713
1733
1734
1736
5314
5317
5319
497
682
1733
1741
1742
1743
220
688
704
4837
4838
4841
227
695
708
4844
4845
4847
510
1734
1747
1748
1750
4844
514
701
1747
1755
1756
1757
234
709
718
723
724
726
1356
1357
1360
3077
3080
3083
241
723
4845
6027
6028
6030
526
1748
1764
1765
1767
6027
530
715
1764
1772
1773
1774
1779
1780
1781
248
724
735
4851
4852
4854
255
4851
4858
4859
4861
6028
545
743
745
1765
4858
5551
5552
5555
5556
549
730
742
1785
1786
553
736
752
4866
4867
4868
560
756
4852
4872
4873
4875
567
4859
4872
4879
4880
4882
572
743
764
766
3178
3179
3182
3183
4879
5378
5379
5382
749
763
1789
579
757
771
1791
1792
1794
2545
2546
2549
3206
3207
3210
5574
5575
5578
586
1791
4873
4886
4887
4889
592
1798
1799
1801
4880
4886
596
764
1798
4894
4895
4896
602
779
1792
1806
1807
1809
3263
3264
3267
5420
5421
5424
609
1806
4887
4900
4901
4903
614
1799
1813
1814
1816
4900
618
775
1813
1821
1822
1823
624
786
1807
1829
1830
1832
3317
3318
3321
5441
5442
5445
630
1829
4901
4907
4908
4910
634
792
1814
3346
3347
3350
3351
4907
5462
5463
5466
5614
5615
5618
5619
783
790
1836
640
797
1830
1840
1841
1843
2757
2758
2761
3373
3374
3377
644
1840
1847
1848
1850
4908
5476
5477
5480
648
791
1847
1855
1856
1857
651
805
1841
4915
4916
4917
655
809
818
1848
2835
2836
2839
3463
3464
3467
3468
3473
3474
3475
3476
801
816
1861
810
824
825
178
817
829
663
1863
1864
1867
183
670
835
841
842
5091
5092
5095
5663
5665
5666
5668
272
675
841
1870
1871
1874
836
851
1708
1879
1880
3544
3545
3548
5658
5659
5662
5992
5995
5996
5998
842
1715
1879
1886
1887
1889
683
848
1886
4922
4923
4924
690
852
1894
1895
1896
697
861
1880
4928
4929
4931
1736
1887
1900
1901
1903
4928
702
856
1900
1908
1909
1910
711
862
871
1914
1915
3652
3653
3656
5700
5701
5704
5999
6002
6003
6005
1914
4847
4929
4935
4936
4938
1750
1901
1921
1922
1924
4935
716
868
1921
1929
1930
1931
726
878
1915
1940
1941
1943
5707
5708
5711
1940
4936
4942
4943
4945
6030
1767
1922
1947
1948
1950
4942
731
875
1947
1955
1956
1957
738
879
1962
1963
1964
889
1941
4854
4949
4950
4952
4861
4943
4949
4956
4957
4959
745
896
897
899
1948
4956
750
884
896
1969
1970
1971
759
890
906
4964
4965
4966
910
4875
4950
6034
6035
6037
4882
4957
4970
4971
4973
6034
766
897
918
920
4970
5761
5762
5765
5766
770
903
917
1975
1976
911
925
929
930
1794
3838
3839
3842
5771
5772
5773
5774
929
4889
4977
4978
4980
6035
1801
1978
1979
1981
4971
4977
776
918
1978
3864
3865
3868
3869
5775
5776
5779
5780
5782
5783
5786
5787
930
940
1809
1989
1990
1992
3892
3893
3896
1989
4903
4978
4984
4985
4987
1816
1979
1996
1997
1999
4984
784
937
1996
2004
2005
2006
947
1832
1990
2014
2015
2017
3949
3950
3953
2014
4910
4985
4991
4992
4994
792
952
954
1997
4991
5789
5790
5793
5794
796
944
951
2021
2022
958
1843
2015
2028
2029
2031
4008
4009
4012
1850
2028
2035
2036
2038
4992
802
952
2035
4999
5000
5001
812
966
969
970
2029
4072
4073
4076
5803
5804
5807
5808
818
969
2036
5810
5811
5814
5815
5820
5821
5822
5823
5824
5825
5828
5829
822
963
976
2045
2046
2047
179
273
970
5006
5007
5008
187
263
977
982
983
986
844
989
990
2049
2051
991
997
1882
2055
2056
2057
994
999
1889
2062
2063
2064
857
996
1003
2068
1000
1008
4931
5013
5014
5015
1004
1012
1019
1903
4280
4281
4284
4285
5840
5841
5844
5852
5853
5856
5857
869
1007
1018
2074
2075
2076
1009
1024
1917
2080
2081
2082
1013
1026
1031
1032
4334
4335
4338
4339
4938
1019
1031
1039
1924
4362
4363
4366
4367
5873
5874
5877
5878
876
1023
1038
2086
2087
2088
1027
1044
1943
5020
5021
5022
275
276
1032
1046
4945
5169
5170
5171
5172
275
1039
1053
1950
4442
4444
4446
4447
5894
5895
5898
5899
885
1043
1052
2091
2092
282
283
1047
1058
1470
1471
1472
1473
4952
5901
5902
5903
276
282
289
290
4959
5204
5205
5206
5207
289
899
1053
1064
4483
4484
4487
4488
4498
4500
4502
4503
904
1057
1063
2099
913
1059
1070
1071
1072
283
296
301
302
5225
5226
5227
5228
6037
290
301
308
309
4973
5253
5254
5255
5256
308
920
1064
5026
5027
5030
297
932
1080
1083
1084
1085
302
315
320
321
4980
5267
5268
5269
5270
309
320
1089
1090
1981
5931
5932
5933
5935
938
1077
1089
2100
2102
2103
316
1096
1992
5033
5034
5037
321
327
328
1098
4987
5288
5289
5290
5291
327
1090
1999
4611
4613
4614
4615
4795
4796
4799
4800
5943
5945
5946
5948
945
1095
1103
2107
2108
2109
1099
1108
2017
5041
5042
5043
328
1110
1115
1116
4668
4669
4670
4672
4994
954
1104
1115
5047
5049
5050
1111
1123
2031
2111
2112
2113
1116
1125
2038
5055
5056
5057
964
1122
1128
2117
2118
2119
972
1126
1131
2122
2123
979
1129
1132
2126
2127
2128
278
334
1137
1140
1141
190
1055
1139
1143
191
193
292
337
338
196
336
1066
194
304
340
341
197
199
311
1146
1147
200
323
343
344
203
204
1092
1149
1150
205
330
347
348
163
225
350
164
226
1152
1153
163
231
352
165
167
233
353
354
356
357
238
359
360
170
239
362
363
171
240
365
366
170
245
368
369
246
451
1157
172
247
452
1159
1160
371
372
252
1162
1163
208
253
374
375
209
254
1165
1166
259
1169
1170
667
1174
1175
183
260
670
5062
5063
5064
184
261
671
5069
5070
5071
658
811
1179
1180
1181
262
814
5076
5077
5078
187
263
815
5083
5084
5085
388
389
400
401
264
5090
5091
5092
272
841
5097
5098
5099
265
844
989
1194
1195
1196
845
1201
1202
971
5104
5105
5106
974
1207
1208
274
975
1212
1213
279
1138
1218
1219
280
335
415
416
196
281
336
418
419
286
335
421
422
287
1221
197
199
288
424
425
293
427
428
294
430
431
202
295
1223
1224
305
433
434
306
436
437
203
204
307
439
440
312
1226
313
442
443
324
445
446
325
448
449
207
326
346
1230
1231
331
1233
1234
452
1237
1238
564
1240
454
461
565
1242
1243
1247
1250
1253
1256
224
492
1259
1260
1263
476
484
1267
1268
1269
477
493
694
5111
5112
5113
227
486
695
1274
1275
1276
228
495
696
1262
1263
1264
1265
1273
1276
1278
1279
5110
5113
5115
5116
1280
1283
225
231
1291
1292
1295
485
1299
1300
1301
227
486
708
1306
1307
1308
234
499
709
1313
1314
1315
229
235
710
1294
1295
1296
1297
1305
1308
1310
1311
1312
1315
1317
1318
1319
1320
1323
1326
1327
1330
238
509
1333
1334
1337
228
229
505
506
507
508
1274
1276
1278
1306
1308
1310
230
510
1322
1323
1324
1325
4844
230
241
1329
1330
1331
1332
4845
242
512
1336
1337
1338
1339
4846
1340
1341
1344
1347
1348
1351
239
245
5117
5118
5121
516
1355
1356
1357
237
241
723
1343
1344
1345
1346
1354
1356
1358
1360
248
517
724
1362
1363
1364
243
249
725
1361
1364
1366
1367
5120
5121
5122
5123
5124
5125
5128
5131
5132
5135
252
525
5138
5139
5142
242
243
4805
4806
4807
4808
244
526
5127
5128
5129
5130
6027
244
255
5134
5135
5136
5137
6028
256
528
5141
5142
5143
5144
6029
5145
5146
5149
533
1368
1369
1372
253
557
5152
5153
5156
249
250
534
540
541
542
543
1362
1364
1366
5341
5342
5343
251
255
4851
5148
5149
5150
5151
251
536
560
1371
1372
1373
1374
4852
5348
5349
5350
257
561
4853
5155
5156
5157
5158
1375
1376
1379
5159
5160
5163
544
564
1382
1383
1386
256
257
4812
4813
4814
4815
258
545
1378
1379
1380
1381
4858
258
567
4859
5162
5163
5164
5165
547
568
1385
1386
1387
1388
4860
660
1389
264
664
1395
1396
1399
272
675
1404
1405
1407
273
808
1410
1411
1413
820
1416
1417
1420
835
1430
1431
1434
838
1437
1439
269
270
271
399
1189
5089
269
270
378
400
269
271
379
1426
5090
381
402
5093
403
1190
1427
5094
1441
1442
1444
967
1448
1449
1451
981
1457
277
1033
1463
1464
1465
1466
4946
277
1048
4947
5176
5177
5178
5179
289
1053
4948
5183
5184
5185
5186
1036
1049
5166
5167
5170
1037
1055
1460
1461
1464
292
1051
5173
5174
5177
293
1056
5180
5181
5184
284
1048
4953
5190
5191
5192
5193
284
1060
1477
1478
1479
1480
4954
5908
5910
5911
290
301
4955
5197
5198
5199
5200
1050
1061
1467
1468
1471
292
1051
5187
5188
5191
304
1062
1474
1475
1478
294
305
5194
5195
5198
291
4960
5211
5212
5213
5214
291
4961
5218
5219
5220
5221
308
1064
1484
1485
1486
1487
4962
5201
5202
5205
1066
5208
5209
5212
311
5215
5216
5219
312
1067
1481
1482
1485
298
914
1060
1069
1070
1073
1074
1500
1501
1502
1503
5909
5910
5912
915
1068
1489
1490
1491
302
315
916
1488
1490
1492
1494
1509
1510
1511
1512
304
1062
1497
1498
1501
306
318
1506
1507
1510
303
5232
5233
5234
5235
6038
303
5239
5240
5241
5242
6039
309
320
5246
5247
5248
5249
6040
5222
5223
5226
311
5229
5230
5233
323
5236
5237
5240
313
324
5243
5244
5247
310
1516
1517
1518
1519
4974
5026
5027
5028
310
4975
5260
5261
5262
5263
1077
1089
1523
1524
1525
1526
4976
5915
5916
5917
5250
5251
5254
1078
1513
1514
1517
1092
5257
5258
5261
1079
1093
1520
1521
1524
317
933
1082
1083
1086
1087
1540
1541
1542
1543
934
1081
1528
1529
1530
321
935
1098
1527
1529
1531
1533
1551
1552
1553
1554
323
1537
1538
1541
325
1101
1548
1549
1552
322
4981
5274
5275
5276
5277
322
4982
5281
5282
5283
5284
327
1090
1558
1559
1560
1561
4983
5264
5265
5268
1092
5271
5272
5275
330
5278
5279
5282
331
1094
1555
1556
1559
329
1565
1566
1567
1568
4988
329
1100
1572
1573
1574
1575
4989
1104
1115
1579
1580
1581
1582
4990
5943
5944
5945
1101
5285
5286
5289
1106
1562
1563
1566
1102
1118
1569
1570
1573
1107
1119
1576
1577
1580
1049
1135
1583
1051
1586
1587
1056
1589
339
416
427
5201
339
422
430
5202
429
432
5203
342
433
1221
5222
342
436
5223
435
438
5224
345
437
445
5264
345
448
5265
447
450
5266
1094
1590
349
449
1233
5285
349
5286
1235
1236
5287
351
356
1153
1327
1154
1328
353
357
1341
355
362
5117
355
368
5118
5119
358
359
4802
358
362
4803
361
364
4804
361
1153
5124
361
365
5125
367
5126
364
5131
364
366
371
5132
367
5133
367
5138
367
1162
5139
5140
370
1155
5145
370
372
1159
5146
1156
1161
5147
373
1162
4809
373
374
4810
376
1164
4811
376
1159
5159
376
1166
1237
5160
1167
5161
380
381
382
5061
381
383
380
381
1392
5063
5065
386
5067
385
386
5068
386
400
385
386
401
1403
5070
5072
402
5074
390
391
392
393
1185
5075
390
392
406
1415
5078
391
392
395
407
1186
5080
397
398
408
5081
396
397
398
1187
5082
396
398
411
1425
5085
397
398
412
1188
5087
413
5088
402
403
404
1191
5096
402
403
402
404
832
5097
5100
1192
5101
408
409
410
1216
5005
408
409
1453
5007
408
412
413
5009
5011
413
414
1217
5103
413
414
1456
5105
413
5107
5109
417
1141
1586
5173
417
419
5174
420
1142
5175
420
1219
1589
5180
420
427
5181
1220
5182
423
1144
1587
5187
423
424
5188
426
1145
5189
426
430
5194
426
433
1221
5195
1222
5196
429
5208
429
1223
5209
1225
5210
432
5215
432
1146
1224
5216
1225
5217
435
5229
435
439
1147
5230
441
5231
438
5236
438
440
5237
441
5238
441
442
5243
441
445
5244
5245
444
1147
5257
444
1149
1228
5258
1148
1229
5259
447
5271
447
1150
1230
5272
1232
5273
450
5278
450
1231
5279
1232
5280
2135
2136
557
2138
2139
457
558
2141
2142
458
559
2144
2145
457
577
2147
459
463
578
2148
2149
2150
461
583
2152
2153
464
584
2155
2156
462
465
585
2158
2159
2161
2162
467
591
2165
464
600
2167
2168
467
606
2170
2171
607
2173
2174
470
475
662
2183
2184
2185
2189
2190
478
668
2196
2197
2198
472
479
669
2202
2203
482
674
476
484
678
2207
2208
2209
2222
2223
478
1705
2228
2229
2230
1706
2234
2235
2238
480
1707
5292
5293
5296
2248
2249
2250
482
1712
2255
2256
2257
493
1713
5299
5301
5302
483
494
1714
2262
2263
2264
2268
497
682
2269
2270
2271
687
2279
2280
2283
688
2286
2289
689
5306
5307
5308
488
1248
1254
490
491
1249
1255
1266
490
491
1267
2214
1251
1270
2215
1257
1271
2272
2294
2295
2296
5313
5314
5317
497
1733
2306
2307
2308
510
1734
2296
2298
2299
2300
2312
2315
2317
2318
5314
5315
5316
5319
498
511
1735
2313
2314
2315
2319
2320
2321
514
701
2324
2325
2326
516
705
2330
2331
2333
501
1282
1287
1298
1284
1302
504
507
1253
1319
504
508
1280
1326
505
1321
1328
507
508
1322
1329
507
508
1256
1283
1258
1324
1285
1331
2338
2339
2340
512
1600
1602
1603
1604
5320
5322
5324
5326
514
1747
5321
5322
5323
526
1748
2340
2342
2343
2344
5327
5330
5332
5333
515
527
1749
5328
5329
5330
2350
2351
2352
530
715
2355
2356
718
2362
2363
2366
534
719
2370
2371
2374
520
523
1286
1340
520
524
1347
521
1342
1349
523
524
1343
1350
1354
523
524
1288
1355
1290
1345
1358
1352
1359
2359
2382
2383
2384
528
1607
1609
1610
1611
5334
5336
5338
5340
530
1764
5335
5336
5337
545
1765
2384
2386
2387
2388
2392
2395
2397
2398
531
546
1766
2393
2394
2395
2399
2400
549
730
2402
2403
2404
551
2409
2410
735
5341
5342
5345
553
736
2420
2421
554
737
5348
5349
5352
539
542
1155
1348
5145
539
543
1368
2403
540
1156
1370
5147
542
543
1371
5148
542
543
1351
2404
1353
5150
1373
2405
2426
2427
2430
547
1614
1615
1616
1618
2435
2437
2439
2441
549
742
2436
2437
2438
572
743
2427
2428
2429
2432
2442
2445
2447
2448
5376
5378
5380
573
744
2443
2444
2445
2449
555
575
753
2450
2451
2453
2454
558
577
2461
2462
2463
2468
2469
2470
556
560
756
2451
2452
2456
2457
2467
2469
2471
2473
5348
5352
5353
579
757
2475
2476
2477
562
580
758
2460
2463
2465
2466
2474
2477
2479
2480
5355
5356
5357
2482
2483
2484
565
583
5362
5364
5365
561
562
1622
1623
1624
1627
563
567
4872
5357
5358
5359
5361
563
586
2481
2484
2486
2487
4873
569
587
4874
5363
5365
5367
5368
2488
2489
2490
5369
5370
5373
571
590
2495
2496
2499
568
569
4818
4820
4821
4822
570
572
2490
2492
2493
2494
4879
5376
5379
5381
570
592
4880
5372
5373
5374
5375
574
593
2498
2499
2500
2501
4881
5384
5385
5387
2503
2505
5376
5378
5379
763
2509
2510
596
764
5384
5385
5386
579
771
2518
581
598
772
2520
2521
2524
2525
2526
584
600
2537
2538
2539
2544
2545
2546
582
586
1791
2523
2526
2528
2529
2543
2545
2547
2549
602
1792
5391
5392
5393
588
603
1793
2536
2539
2541
2542
5390
5393
5395
5396
5398
5399
5400
2551
2552
2553
591
606
5405
5406
5407
587
588
4823
4826
4828
4829
589
592
4886
5397
5400
5402
5403
589
609
2550
2553
2555
2556
4887
594
610
4888
5404
5407
5409
5410
2557
2559
2560
2565
2566
2567
593
594
1638
1640
1642
1643
596
1798
2558
2560
2562
2563
2581
2583
2585
5411
5413
5415
5417
614
1799
2564
2567
2569
2570
5411
5414
5416
5417
597
615
1800
5412
5413
5414
2581
2582
2583
618
775
2590
2591
2592
602
779
2595
2596
2597
604
620
780
2600
2601
2602
2606
2607
2608
607
622
2619
2620
2621
5419
5420
5421
605
609
1806
2605
2608
2610
2611
5418
5420
5422
5424
624
1807
5426
5427
5428
611
625
1808
2618
2621
2623
2624
5425
5428
5430
5431
2626
2627
2628
2633
2634
2635
613
628
2640
2641
2642
610
611
1652
1655
1657
1658
612
614
2625
2628
2630
2631
4900
612
630
2632
2635
2637
2638
4901
616
631
2639
2642
2644
2645
4902
2652
2653
2654
616
1659
1662
1664
1665
5432
5434
5436
5438
618
1813
5433
5434
5435
634
1814
2651
2654
2656
2657
2660
2663
2665
2666
5461
5462
5464
619
635
1815
2661
2662
2663
2667
2668
2669
783
2671
624
786
2672
2673
2674
626
637
787
2677
2678
2679
2683
2684
2685
629
639
2694
2695
2696
5440
5441
5442
627
630
1829
2682
2685
2687
2688
5439
5441
5443
5445
640
1830
5447
5448
5449
632
641
1831
2693
2696
2698
2699
5446
5449
5451
5452
5468
5469
5471
2701
2702
2703
2708
2709
2710
631
632
1671
1674
1676
1677
634
2700
2703
2705
2706
4907
5453
5455
5457
5459
5461
5463
5465
644
2707
2710
2712
2713
4908
5453
5456
5458
5459
5475
5476
5478
636
645
4909
5454
5455
5456
5461
5462
5463
790
2724
2725
648
791
2729
2730
2731
640
797
2738
2739
2740
642
650
798
2743
2747
2756
2757
2758
644
1840
5468
5469
5470
651
1841
2763
2764
2765
646
652
1842
2770
2771
2772
5475
5476
5477
648
1847
2784
2785
2786
655
1848
2791
2792
2793
649
656
1849
2798
2799
2800
2804
2805
2806
801
2810
651
805
2811
2813
2814
2815
655
809
2819
2820
2821
810
2825
2826
657
658
811
2828
2830
2834
2835
2836
816
2840
817
2843
2846
665
679
833
2848
2849
2850
2852
2853
2856
2860
2861
2862
668
1705
5482
5483
5484
2866
2869
670
835
5488
5489
5492
836
1708
5496
5497
5498
672
837
1709
5481
5484
5486
5487
5491
5492
5493
5494
5495
5498
5500
5501
2872
2873
2876
672
1697
1698
1699
1700
2197
2198
2201
5482
5484
5486
5502
5504
5506
5508
674
1712
5503
5504
5505
671
672
1695
1696
1697
1700
5062
5064
5066
5488
5492
5493
673
675
841
2873
2874
2875
2878
2885
2889
2890
5069
5071
5073
673
842
1715
676
843
1716
2893
2894
2896
5502
5505
5507
5508
2880
2881
2882
2885
2886
2889
683
848
2893
2894
2895
2903
2904
687
1706
2912
2913
2914
851
1708
2920
2921
2922
690
852
2927
691
853
1710
5510
5511
5512
1714
2932
2933
2934
1716
2941
2942
2943
702
856
1718
2952
2953
2954
688
704
2962
692
706
859
2965
2966
2967
5516
5518
5519
2969
2971
2972
693
695
708
2969
2970
2973
2975
5307
5308
5312
5516
5517
5520
5522
2977
2978
2979
693
697
861
2976
2978
2980
2982
5510
5512
5514
5517
5519
5521
5522
711
862
5524
5525
5526
699
712
863
5523
5526
5528
5529
696
698
1707
5112
5113
5116
696
699
1275
1276
1279
700
1734
4844
698
699
1710
700
1711
1736
4928
700
4847
4929
1738
4848
4930
1735
2986
2987
2988
1737
2995
2996
2997
716
868
1739
3006
3007
3008
3016
3018
709
718
3022
3024
3025
711
871
3030
3031
3032
713
720
872
3040
3041
3042
710
712
1307
1308
1311
4837
4839
4840
4842
710
713
1314
1315
1318
3022
3025
3027
4838
4839
4840
4843
714
723
4845
712
713
3030
3032
3034
4840
4841
4842
4843
5524
5526
5528
714
1914
4847
714
726
1915
3040
3041
3043
727
1916
4849
1749
3049
3050
3051
1751
3056
3057
3058
731
875
1753
3067
3068
3069
3077
3079
3080
724
735
5530
5532
5533
726
878
5538
5539
5540
738
879
3096
3097
3098
728
739
880
3095
3098
3100
3101
5531
5533
5535
5536
5537
5540
5542
5543
725
727
725
728
1363
1364
1367
5530
5533
5535
729
4851
6028
727
728
5538
5540
5542
729
1940
6030
729
1941
4854
1942
4855
6032
1766
3103
3104
1768
3109
3110
3111
750
884
1770
3117
3118
3119
736
752
3123
740
754
887
3127
3128
737
739
1778
1779
1782
1783
5342
5345
5347
5532
5533
5536
3131
3132
3133
741
756
3130
3132
3134
3136
4852
5349
5352
5354
3138
3139
3140
741
889
3137
3139
3141
3143
4854
759
890
5545
5546
5547
760
891
4856
5544
5547
5549
5550
1766
5552
5553
5554
747
4860
5558
5560
5562
5564
749
763
5559
5560
5561
746
747
1769
4862
750
896
1770
3148
3150
3152
5551
5554
5556
5557
5565
5567
5569
5571
766
897
4864
5565
5568
5570
5571
751
767
898
5566
5567
5568
3144
3145
3148
3149
3150
770
903
3154
3155
3158
3159
757
771
3162
3163
759
906
3167
3168
761
773
907
3172
3173
3174
758
760
4865
4866
4869
4870
5573
5574
5575
762
1791
4873
5572
5574
5576
5578
5580
5581
5582
762
910
4875
5579
5581
5583
5585
762
911
1794
3172
3173
3175
5572
5575
5577
5578
5579
5582
5584
5585
912
1795
4877
3179
3180
3181
768
3185
3187
3189
3191
4881
4894
4896
4898
5385
5386
5389
3186
3187
3188
768
4883
5586
5588
5590
5592
770
917
5587
5588
5589
776
918
3192
3195
3197
3198
4885
777
919
3193
3194
3195
3199
3200
3205
3206
3207
779
1792
3212
3213
3214
925
1794
3219
3220
3221
781
926
1796
3227
3228
3229
1800
3239
3240
3241
1802
3249
3251
3253
3255
4893
4896
4898
4899
5593
5595
5597
5599
936
3250
3251
3252
784
937
1804
5594
5595
5596
3262
3263
3264
786
1807
3271
3272
3273
940
1809
3282
3283
3284
788
941
1811
5601
5602
5603
1815
3294
3295
1817
3298
3299
3300
796
944
1819
3309
3310
3311
3316
3317
3318
797
1830
3325
3326
3327
947
1832
5608
5609
5610
799
948
1834
3340
3341
3342
1815
3347
3348
3349
4909
5615
5616
5617
794
1818
4911
5621
5623
5625
5627
796
951
1819
5622
5623
5624
802
952
3360
3363
3365
3366
4913
5614
5617
5619
5620
5629
5630
5632
803
953
3361
3362
3363
3367
3368
3372
3373
3374
805
1841
3381
3382
3383
958
1843
3392
3393
3394
807
959
1845
3403
3404
3405
1849
3413
3414
1851
5629
5630
5631
962
3419
3420
822
963
1853
3424
3425
3426
3433
3434
3435
810
3439
3442
812
966
3449
3450
3451
814
967
3456
3457
3460
813
1842
2820
2821
2824
4914
4915
4918
4919
5645
5646
5647
5648
5635
5636
5639
817
5642
5643
5646
813
814
1845
3449
3451
3453
4914
4917
4919
4920
815
818
969
1846
815
970
3456
3460
3461
5076
5077
5079
5636
5637
5638
5641
820
971
5083
5084
5086
5643
5644
5645
5648
1849
3464
3465
3466
3470
3471
3474
820
1852
5649
5651
5653
5655
822
976
1853
5650
5651
5652
977
1416
1420
1421
3470
3472
3473
3476
3482
3483
3484
3487
5818
5821
5822
978
3481
3482
3485
3488
3489
3490
826
827
828
1178
1185
5075
826
827
1179
2845
5635
827
828
1408
5076
5636
1182
1183
5079
5637
1186
1409
5080
830
831
1181
1416
3470
1184
1418
1421
3472
1403
1441
836
851
3493
3494
3495
839
854
3498
837
1431
1434
1436
1863
1865
1866
1868
3504
3506
3507
3509
5489
5492
5494
5657
5658
5659
840
842
1879
5656
5658
5660
5662
844
990
3504
3505
3508
991
1882
3512
3513
3514
846
992
1883
3507
3508
3509
3510
3511
3514
3516
3517
4141
4142
4144
843
1870
1874
1876
5098
5099
5102
5670
5672
5673
5675
843
846
848
1886
3520
3522
3524
5677
5678
5681
5682
5663
5664
5667
849
993
5670
5671
5674
994
1889
4151
4152
4154
5666
5667
5668
5669
5677
5680
5682
5683
850
995
1890
5678
5679
5680
3520
3521
3522
3530
3533
857
996
3536
3537
3538
3543
3544
3545
3550
3551
861
1880
5685
5686
5687
997
1882
3555
3556
865
998
1884
3565
3566
3567
1888
5692
5693
5694
1890
3580
3581
3582
869
1007
1892
3589
3590
3591
862
871
3598
3599
866
873
3601
863
865
1893
1894
1897
1898
5686
5687
5690
5699
5700
5701
867
1914
4929
5698
5700
5702
5704
3604
3605
3606
867
1008
3565
3567
3569
3603
3605
3607
3609
4232
4233
4235
4931
1009
1917
3611
3612
3613
1010
1918
3610
3613
3615
3616
4933
5846
5847
5849
1902
3622
3623
3624
1904
3633
3634
3635
876
1023
1906
3642
3643
3644
3651
3652
3653
878
1915
3661
3662
3663
1024
1917
3668
3669
881
1025
1919
3675
3676
3677
1923
3686
3687
3688
1925
3697
3698
3699
885
1043
1927
3706
3707
3708
5706
5707
5708
3714
3715
3716
889
1941
3713
3715
3717
3719
5705
5707
5709
5711
5712
5713
5716
5717
1044
1943
3725
3726
3727
892
3732
3733
893
1045
1945
5713
5714
5715
1949
3740
3741
3742
1951
3747
3748
3749
904
1057
1953
3754
3755
890
906
3761
3762
894
908
3764
891
893
1961
1962
1965
1966
5720
5721
5722
895
910
4950
5719
5721
5723
5725
3767
3768
3769
895
1058
3766
3768
3770
3772
4952
5713
5715
5717
5901
5905
5906
913
1059
3773
3775
3776
914
1060
3773
3774
3778
3779
4954
5908
5909
5914
1949
1970
1971
1974
5726
5727
5730
5731
5733
5734
5737
5738
901
4958
5726
5728
5730
5732
903
917
5727
5728
5729
901
1952
4960
5733
5735
5737
5739
904
1063
1953
5734
5735
5736
920
1064
4962
5740
5743
5745
5746
905
921
1065
5741
5742
5743
3780
3781
3784
3785
924
3788
3789
3792
3793
911
925
3797
3798
3799
913
3803
3804
915
927
1068
3806
3808
912
914
4963
4964
4967
4968
912
3797
3799
3801
4963
4965
4967
4969
5757
5758
5759
5760
916
929
6035
5747
5748
5751
916
5747
5749
5750
5752
6037
932
5754
5755
5758
933
5755
5756
5757
5760
6039
5762
5763
5764
922
3811
3813
3815
3817
4972
936
3812
3813
3814
922
3818
3820
3822
3824
4974
5026
5030
5031
924
1076
3819
3820
3821
938
1077
3825
3828
3830
3831
4976
5783
5784
5786
5915
5919
5920
3826
3827
3828
3834
3837
3838
3839
930
940
3845
3846
3847
932
1080
3851
3853
934
942
1081
3857
3859
3860
931
933
1795
931
934
1796
3845
3847
3849
935
1797
1989
4978
5768
5769
5772
935
4980
5768
5770
5771
5773
935
1528
1529
1531
1992
3857
3859
3861
5769
5770
5771
5774
1993
4982
3865
3866
3867
1980
5776
5777
5778
1982
5783
5784
5785
945
1095
1984
3881
3882
3883
3891
3892
3893
947
1990
3902
3903
3904
1096
1992
3909
3910
3911
949
1097
1994
3918
3919
3920
1998
3929
3930
3931
2000
3936
3937
3938
957
2002
3944
3945
3948
3949
3950
958
2015
3959
3960
3961
1108
2017
3968
3969
3970
960
1109
2019
3977
3978
3979
1998
5790
5791
5792
3983
3985
3987
3989
4993
4999
5001
5003
5796
5797
5800
5801
962
3984
3985
3986
2001
3990
3992
3994
3996
4995
5049
5050
5051
5796
5798
5800
5802
957
1121
2002
3991
3992
3993
964
1122
4997
5797
5798
5799
4004
4007
4008
4009
966
2029
4018
4019
4020
1123
2031
4027
4028
4029
968
1124
2033
4035
4036
4037
4042
2037
4046
4047
4048
2039
4055
4056
4057
2041
4065
4066
4071
4072
4073
970
4077
4078
4081
972
1131
4085
4086
4087
971
973
2030
971
4077
4081
4083
4094
4096
4097
4099
5006
5008
5010
977
4101
4103
4104
4106
5104
5106
5108
5817
5821
5823
2033
5804
5805
5806
979
1132
2034
4104
4105
4106
4107
4769
4770
4772
5803
5805
5807
5809
5825
5827
5829
4094
4095
4098
981
1133
4101
4102
4105
2037
5811
5812
5813
5817
5818
5821
4108
4111
2040
5825
5826
5827
1134
2041
4115
4116
4117
4121
4122
4125
984
987
1417
1456
5105
984
988
1457
5106
5817
985
1458
5109
987
988
987
988
1420
1455
5818
1422
1459
5819
4133
4135
4137
994
999
4141
4142
4143
4147
4148
4151
4152
4153
996
1003
4158
4159
4160
4164
4165
1000
1008
4166
4167
4168
1883
4173
4174
4175
1884
4180
4181
4182
1004
1012
1885
5832
5833
5834
1006
1015
4196
4197
1890
4201
4202
4203
1891
5839
5840
5841
1007
1018
1892
4208
4209
4210
1021
4220
4226
4227
4228
4232
4233
4234
4239
4240
4241
1013
1026
5846
5847
5848
1016
1029
4249
1014
4259
4260
4263
4264
4932
5012
5013
5016
5017
5833
5834
5837
1014
4266
4267
4270
4271
4933
5012
5014
5016
5018
5846
5848
5850
1019
1031
4273
4274
4277
4278
4934
1021
4260
4261
4262
1034
4267
4268
4269
1022
1035
4274
4275
4276
1904
5853
5854
5855
1905
4291
4292
4295
4296
5859
5861
5863
5865
1023
1038
1906
5860
5861
5862
4281
4282
4283
1041
4292
4293
4294
4303
4304
4305
4308
1027
1044
4309
4310
4311
1028
1918
2079
2080
2083
2084
4315
4316
4319
4320
5847
5848
5851
1919
5867
5868
5869
1032
1046
1920
4327
4329
4331
4332
5866
5868
5870
5872
1034
4316
4317
4318
1036
1049
1135
4327
4328
4330
1033
4341
4342
4345
4346
4939
1033
4349
4350
4351
4353
4940
1039
4356
4357
4358
4360
4941
4335
4336
4337
1041
1136
4342
4343
4344
1137
4348
4349
4352
1042
1138
4355
4356
4359
1925
5874
5875
5876
1926
4375
4377
4379
4380
5880
5882
5884
5886
1043
1052
1927
5881
5882
5883
4363
4364
4365
1055
1139
4375
4376
4378
4388
4389
4390
4394
4395
4396
1047
1058
4401
4403
4404
1048
1944
4421
4423
4425
4426
5019
5020
5023
5024
1048
1945
4401
4403
4406
4428
4430
4432
4433
5019
5021
5023
5025
1946
5889
5890
5891
5893
4420
4421
4422
4427
4428
4429
5887
5888
5889
1951
5895
5896
5897
1952
4434
4436
4438
4440
4455
4457
4459
4460
1057
1063
1953
4435
4436
4437
4441
4442
4443
1066
4454
4455
4456
4466
5901
5902
5905
4467
4470
5908
5909
5910
4472
4473
4478
4479
4484
4485
4486
4490
4492
4494
4496
4507
4509
4511
4512
5027
5030
5032
1076
4491
4492
4493
4497
4498
4499
1078
4506
4507
4508
1080
4515
1073
1074
1075
1488
1495
1073
1074
4467
5747
1073
1075
1489
5748
1074
1075
1492
5749
1496
4468
1493
4517
4518
5915
5916
5919
4525
4526
4531
4532
4536
1096
4537
4538
1086
1087
1088
1527
1534
1086
1087
1490
5768
1086
1088
1528
4536
5769
1087
1088
1491
1531
5770
1494
1535
1532
1536
1982
2100
2103
2106
4541
4543
4545
4546
5922
5923
5926
5927
1983
4548
4550
4552
4553
5922
5924
5926
5928
1095
1103
1984
5923
5924
5925
5929
5930
5931
4540
4541
4542
1106
4547
4548
4549
4564
4565
4566
4572
4573
1099
1108
4576
4577
4578
1100
1993
4587
4588
4589
4591
5033
5035
5036
5038
1994
5937
5938
5939
1110
1995
4597
4599
4601
4602
5936
5938
5940
5942
4585
4586
4587
1113
4596
4597
4598
2000
4796
4797
4798
2001
5943
5944
5947
1121
2002
4604
4605
4606
4610
4611
4612
4622
4623
4631
4632
4633
1111
1123
4636
4637
4638
2018
4652
4654
4656
4657
5040
5041
5044
5045
5950
5951
5954
5955
2019
4642
4643
4644
1116
1125
2020
5951
5952
5953
1118
4652
4653
4655
1120
4663
4664
4675
4676
4677
4679
4995
5047
5050
5053
5957
5958
5961
5962
4681
4682
4685
4686
4996
5055
5057
5059
5951
5953
5955
5957
5959
5961
5963
1122
1128
4997
5958
5959
5960
4667
4668
4671
4674
4675
4678
4682
4683
4684
4694
4695
4699
4700
4701
4712
4713
4714
1126
1131
4715
2032
5965
5966
5967
2033
4717
4718
4719
1129
1132
2034
4724
4725
4726
2039
4739
4740
4741
2040
4746
4747
4748
1134
2041
4753
4754
4769
4770
4771
4778
4779
4781
1137
4785
4786
4788
4789
1139
4791
4792
4794
1142
1218
4788
5166
1142
1583
5167
1220
5168
1219
1589
4441
1145
1467
1585
1222
1469
1148
1226
5250
1148
5251
1227
5252
1151
5929
1151
1590
5930
5934
1154
1333
1154
1334
1335
1156
1158
1158
1160
1369
2135
1161
1370
1161
5152
1161
2138
5153
5154
1164
1375
1164
1165
1376
1167
1377
1167
1382
1167
1240
1383
1384
1171
1172
1173
5061
1172
1174
1694
1171
1172
1389
1695
5062
1390
5065
1177
1696
5066
1176
1177
5068
1177
2872
1176
1177
1402
2873
5069
5072
2874
5073
1182
1183
1184
1187
5082
1182
1183
2846
5642
1182
1184
1183
1184
5083
5643
5086
5644
1188
5087
1186
1187
1188
1190
1191
1193
1197
1192
1200
1203
1197
1198
1199
1200
5089
1197
1198
1437
5092
5663
1197
1199
1198
1199
1202
4133
5664
1438
5094
1204
5095
5665
1205
1203
1204
1205
5096
1203
1204
1446
5099
5670
1204
1205
4134
5671
1447
5101
5102
5672
1209
1210
1211
1216
5005
1209
1210
1454
4094
5008
1209
1213
4095
1214
4096
5010
5011
1214
1215
1217
5103
1214
1215
1457
4101
5106
1214
4102
4103
5108
1458
5109
1217
1220
1460
4791
1220
1461
1462
1222
1475
1476
1225
1481
1225
1226
1482
1483
1227
1513
1229
1515
1229
1521
1522
1232
1555
1590
1232
1233
1556
1557
1235
1562
1235
1563
1564
1571
1239
1240
4816
1239
1242
2139
4817
1241
1244
4819
1241
2488
1246
2491
1244
2144
5369
1244
1245
2161
5370
1246
5371
1246
2164
2496
2497
1248
1252
1259
1593
1249
1261
1251
1252
1262
5110
1251
1252
1594
2217
5111
2218
5114
1264
1595
5115
1254
1258
1260
1255
1261
1257
1258
1262
1273
1257
1258
1274
2273
1277
2274
1265
1278
1261
1264
2294
1261
1265
1319
1262
1264
1265
1264
1265
1323
2296
2298
1324
1270
1271
1272
1273
5110
1270
1271
2234
2279
1270
1272
2235
5112
1271
1272
1275
2280
2236
5114
1277
2281
1279
5116
1277
1278
1279
1277
1278
5306
1277
1279
5307
1278
1279
5309
1281
1285
1291
1282
1293
1284
1285
1294
1305
1284
1285
1306
2273
1309
2275
1296
1310
1290
1292
1289
1290
1294
1312
1289
1290
1313
1316
1297
1317
1293
1296
1326
1293
1297
1340
1294
1296
1297
1296
1297
1330
1344
1331
1345
1302
1303
1304
1305
1312
1302
1303
1302
1304
1307
2286
4837
1303
1304
1314
2329
4838
1309
2287
1316
1311
1318
4839
1309
1310
1311
1309
1310
5306
1309
1311
5308
1310
1311
5310
1316
1317
1318
1316
1317
1355
2330
1316
1318
2331
1317
1318
1356
2332
1358
1321
1324
1321
1325
1333
1598
1322
1335
1324
1325
1336
1324
1325
1600
1338
1602
1328
1331
1328
1332
1334
4802
1329
1335
1331
1332
1336
1331
1332
4806
1339
4807
1335
1338
2338
1335
1339
5124
1336
1338
1339
1338
1339
2340
5128
2342
5129
1342
1345
1342
1346
4803
5117
1343
5119
1345
1346
5120
1345
1346
4806
4808
5122
1349
1352
1349
1353
5118
1350
5119
1352
1353
1361
5120
1352
1353
1362
2360
1365
2361
1366
5123
1358
1359
1360
1361
1358
1359
2362
1358
1360
1359
1360
1363
2363
1365
2364
1367
1365
1366
1367
1365
1366
2370
1365
1367
2371
1366
1367
2372
1370
1373
2409
1370
1374
1621
5153
1371
5154
1373
1374
5155
1373
1374
1622
2410
2411
1623
5158
1377
1380
4809
5139
1377
1381
1382
1612
1378
1384
4811
1380
1381
1385
4812
1380
1381
1614
5142
4814
5144
1387
1615
1384
1387
2426
1384
1388
2488
5160
1385
5161
1387
1388
5162
1387
1388
2427
2490
2428
2492
5165
1390
1391
1395
2852
1397
1400
2854
1396
1426
1394
1399
1428
2866
1400
2867
1397
1400
5062
5488
1397
1401
1430
5063
1398
5065
1400
1401
1400
1401
1434
5489
5490
1435
1404
1701
1405
1406
2885
5069
1406
1441
5070
5072
1444
2886
1409
1410
3439
1412
1412
1414
3456
5076
1412
1415
1448
5078
5080
1414
1451
3457
3458
1453
1418
1421
5083
1418
1422
1425
5085
1419
5087
1421
1422
1421
1422
1423
1424
1424
1455
3482
3483
1456
1427
1430
1432
1429
1434
1863
1436
1865
1432
1435
5090
1432
1436
1437
5092
1433
1438
5094
1435
1436
1435
1436
1440
1438
1440
3504
1440
3505
3506
1443
5097
1443
1445
1446
1870
5099
1447
5101
1445
1871
1872
1447
3530
1450
1453
5007
1450
1452
1454
4077
5008
5011
1452
4078
4079
4090
4108
1458
1459
4121
4123
1462
1465
4355
5166
1462
1466
4441
5180
1463
5168
5182
1465
1466
5169
5183
1465
1466
4356
4442
4357
5171
4444
5185
1469
1472
4427
5187
1469
1473
1474
4472
1470
1476
5189
1472
1473
1477
5190
1472
1473
4428
4473
4430
5192
1479
4474
1476
1479
4478
1476
1480
5195
5222
1477
5196
1479
1480
5197
1479
1480
4479
5226
4480
5200
5227
1483
1486
4506
5209
1483
1487
1513
5216
1484
5210
5217
1486
1487
5211
5218
1486
1487
1517
4507
4509
5214
1518
5221
1492
1493
1494
1504
1492
1493
4515
5754
1492
1494
5755
1493
1494
5756
1505
1496
1500
1504
1502
4477
1499
1502
1499
1503
1506
5223
1500
1508
1502
1503
1509
1502
1503
4479
5226
4481
1511
5228
1505
1509
1512
1535
1508
1511
5236
1508
1512
1537
1509
1511
1512
1511
1512
1541
5240
5241
1542
1515
1518
5250
1515
1519
1520
4525
1516
1522
5252
1518
1519
1523
5253
1518
1519
4526
5255
1525
4527
1522
1525
4531
1522
1526
4540
5258
1523
5259
1525
1526
5260
1525
1526
4532
4541
4533
4543
5263
1531
1532
1533
1544
1531
1532
4537
1531
1533
5033
1532
1533
1545
4538
5034
1546
4539
1547
5035
1535
1536
1540
1544
1542
1546
1539
1542
1539
1543
1548
5265
1540
1550
1542
1543
1551
1542
1543
5268
1553
5270
1546
1547
1551
1546
1547
4581
1554
4582
1550
1553
5278
1550
1554
4585
1551
1553
1554
1553
1554
4587
5282
5283
4588
1557
1560
4547
5272
1557
1561
1562
5279
1558
5273
5280
1560
1561
5274
5281
1560
1561
1566
4548
4550
5277
1567
5284
1564
1567
5285
1564
1568
1576
4610
1565
1578
5287
1567
1568
1579
5288
1567
1568
4611
5290
1581
4613
1571
1574
4596
5286
1571
1575
1577
4667
1572
1578
5287
1574
1575
1579
5288
1574
1575
4597
4668
4599
5291
1582
4669
1578
1581
4622
1578
1582
4674
1579
1581
1582
1581
1582
4623
4675
4624
4676
1584
1586
4420
1588
4424
1587
4427
1588
5887
1588
5888
5892
4454
4547
1592
2242
2247
2213
2243
2252
1595
2294
1595
1597
2241
5313
1596
2298
5315
1597
2291
2299
5316
2244
2292
5318
1601
1602
2338
1601
1604
2295
1602
1604
2296
1603
2341
1603
2342
1604
2334
2343
2300
2336
1608
1609
2382
5125
1608
1611
2339
2377
1609
1611
2340
5128
1610
2385
1610
2386
5130
1611
2378
2387
2344
2380
1615
1617
2426
1617
1618
2383
1615
1618
2384
1616
2428
1617
1618
2424
2429
2431
2388
2425
1620
2452
2458
2467
2408
2456
2471
1623
1626
2135
5355
1623
1627
2451
1624
5358
1626
1627
2481
5359
1626
1627
2136
2454
2482
2137
2485
5360
2457
2486
1632
2489
2503
1631
1632
2427
2490
5376
1631
1632
2504
5377
2432
2502
5380
2494
2506
5381
1635
1636
2523
2530
2543
1635
1636
2544
2459
2528
2547
2534
2548
1641
1642
2161
2557
5370
1641
1642
1643
2558
2564
1641
1643
2162
2565
5399
1642
1643
5373
5400
2163
2561
2568
2562
5375
2569
5403
1645
2505
2560
2581
2563
2579
2585
1649
1650
1651
2605
2612
5418
1649
1650
2531
2606
1650
1651
2532
5419
2609
2615
2535
2610
5422
2616
5423
1656
1657
1658
2625
2632
1656
1657
2167
2552
2626
1656
1658
2168
2607
2633
1657
1658
2553
2608
2169
2629
2636
2556
2630
2611
2637
1663
1664
1665
2646
2651
1663
1664
2566
2647
1663
1665
2627
2652
1664
1665
2567
2628
2655
2570
2649
2631
2656
1669
1670
2682
2689
5439
1669
2613
2683
1669
1670
2614
5440
2617
2687
5443
2691
5444
1675
1676
1677
2700
2707
1675
1676
2634
2701
1675
1677
2684
2708
1676
1677
2635
2685
2704
2711
2638
2705
2688
2712
1680
1681
5460
1680
1681
2654
2703
5461
2657
5464
2706
2722
5465
1684
2746
2750
2755
1684
2690
2756
2692
2748
2759
1688
1689
2776
2779
5474
1688
2709
1688
1689
2710
2747
5475
2713
2778
5478
2749
2781
5479
1691
2854
2867
1692
1693
2855
2859
2868
2857
2863
2864
2870
1696
1699
2189
2872
1696
1700
2852
1697
2874
1699
1700
2875
1699
1700
2190
2856
2191
2877
2858
1704
2873
2885
1704
2879
2888
1704
2876
2880
2878
2883
2890
1707
1709
2229
2230
2233
4830
4833
4834
4836
5483
5484
5487
1707
1710
2235
2238
2240
2912
2914
2916
4831
4833
4835
4836
1711
1713
5293
5296
5298
1709
1710
2920
2922
2924
4832
4834
4835
4836
5496
5498
5500
1711
1715
1879
1711
1880
5510
5511
5513
1717
1881
1714
1716
1721
1722
1725
2256
2257
2260
5504
5505
5508
1714
1717
5301
5302
5305
1718
1733
2263
2264
2267
2932
2934
2936
1716
1717
1718
1886
2941
2943
2945
1718
1736
1887
1737
1888
2952
2953
2955
1723
1724
1725
2930
2931
2940
1723
1724
2881
1723
1725
2268
2932
1724
1725
2882
2941
2935
2884
2944
2936
2945
1730
1731
1732
2970
2976
5517
1730
1731
2277
2909
5518
1730
1732
2971
1731
1732
2977
2278
2973
5520
2910
2980
5521
2974
2981
1735
1737
1742
1743
1746
2307
2308
2311
1735
1738
1739
1747
2314
2315
2318
2986
2988
2990
1737
1738
1739
1900
2995
2997
2999
1739
1750
1901
1751
1902
3006
3007
3009
1744
1745
1746
2983
2985
2994
1744
1745
2320
2933
1744
1746
2321
2986
1745
1746
2934
2995
2323
2989
2937
2984
2998
2990
2999
1749
1751
1756
1757
1760
5322
5323
5326
1749
1752
4846
1753
1764
3049
3051
3053
5329
5330
5333
1751
1752
4848
1753
1921
3056
3058
3060
1753
1767
1922
4850
1768
1923
3067
3068
3070
1758
1759
1760
3046
3048
3055
1758
1759
2351
2987
1758
1760
2352
3049
1759
1760
2988
3056
2354
3052
2991
3047
3059
3053
3060
1762
1763
3078
3084
3090
3081
3087
3021
3082
3093
1768
1773
1774
1777
5336
5337
5340
5971
5974
5975
5977
1769
5972
5974
5976
5977
6029
5971
5972
5973
1768
1769
6031
1770
1947
3109
3111
3113
1770
1948
6033
1949
3117
3118
3120
5973
5975
5976
5977
1775
1776
1777
3102
3108
1775
1776
3050
1775
1777
2400
3103
1776
1777
3051
3109
3105
3054
3112
3106
3113
1782
1783
1784
3130
3137
1782
1783
2415
3085
1782
1784
2416
3131
1783
1784
3086
3138
2418
3134
3089
3141
3135
3142
1788
2449
3144
5553
1787
1788
3104
3148
5554
3107
3151
3146
3152
5557
1790
3145
3181
3199
3184
3201
1793
1795
1793
1796
3212
3214
3216
5392
5393
5396
1797
1806
4887
1795
1796
3219
3221
3223
1797
4889
1797
1809
3227
3228
3230
1810
4891
1800
1802
4881
4895
4896
4899
1800
1803
4888
1804
1813
3239
3241
3243
5413
5414
5417
1802
1803
4884
4890
1804
1978
4885
1804
1816
1979
4892
1817
1980
5594
5595
5597
3261
3268
3277
1808
1810
1808
1811
3271
3273
3275
5427
5428
5431
1812
1829
4901
1810
1811
3282
3284
3286
1812
1989
4903
1812
1832
1990
5601
5602
5604
1833
1991
4905
1817
1822
1823
1826
5434
5435
5438
5978
5981
5982
5984
1818
4902
5979
5981
5983
5984
5978
5979
5980
1817
1818
4904
1819
1996
3298
3300
3302
1819
1997
4906
1998
3309
3310
3312
5622
5623
5625
5980
5982
5983
5984
1824
1825
1826
3293
3297
1824
1825
2668
3240
1824
1826
2669
3294
1825
1826
3241
3298
3244
3292
3301
3296
3302
1828
3315
3322
3331
3269
3320
3333
1831
1833
1831
1834
3325
3327
3329
5448
5449
5452
1835
1840
4908
1833
1834
5608
5610
5612
1835
2014
4910
1835
1843
2015
3340
3341
3343
1844
2016
4912
1837
3295
3349
3367
3352
3369
1839
3371
3378
3387
3323
3376
3389
1842
1844
5469
5470
5473
1842
1845
2764
2765
2768
3381
3383
3385
4915
4917
4919
1846
1848
2771
2772
2775
1844
1845
3392
3394
3396
1846
1850
2028
1846
2029
3403
3404
3406
1852
2030
1851
1856
1857
1860
2785
2786
2789
4909
5985
5988
5989
5991
1852
2792
2793
2796
5986
5988
5990
5991
5985
5986
5987
1851
1852
4912
1853
2035
4913
5629
5631
5633
1853
2036
2037
3424
3425
3427
5650
5651
5653
5987
5989
5990
5991
1858
1859
1860
3409
3412
5628
1858
1859
2805
3410
5616
1858
1860
2806
3413
1859
1860
5617
5629
2809
3415
3411
5620
5632
3416
5633
1862
3414
3466
3488
3469
3492
1865
1868
2866
1865
1869
1866
3500
1868
1869
3501
5656
1868
1869
2869
5657
2871
5660
3502
5661
1872
1876
3530
1872
1875
2886
1873
3531
1875
1876
3519
3532
1875
1876
2889
3520
2891
3518
3523
3524
3534
1878
3542
3549
2918
3546
3552
1881
1883
1881
1884
5685
5687
5689
1885
1887
4928
5992
5993
5994
1885
1889
4173
4174
4176
5993
5995
5997
5998
1885
3565
3566
3568
4180
4181
4183
4931
5994
5996
5997
5998
1891
4932
5832
5833
5835
1888
1890
4923
4924
4927
1888
1891
1892
1900
5692
5694
5696
1890
1891
2062
2063
2065
1892
3580
3582
3584
4201
4202
4204
5678
5680
5682
1892
1903
5839
5840
5842
1904
3589
3590
3592
4208
4209
4211
1897
1898
1899
3603
5698
1897
1898
2978
3550
1897
1899
2979
3597
5699
1898
1899
3551
3604
2982
5702
3553
3607
3608
5703
1902
1904
1909
1910
1913
1902
1905
4930
1906
1921
3622
3624
3626
1904
1905
4932
1906
3633
3635
3637
5853
5854
5856
1906
1924
4934
1925
3642
3643
3645
5860
5861
5863
1911
1912
1913
3617
3621
3632
1911
1912
2996
3618
5693
1911
1913
2997
3622
1912
1913
3633
5694
3000
3619
3625
3620
3636
5697
3626
3637
1916
1918
1916
1919
3661
3663
3665
1920
1940
4936
5999
6000
6001
1920
4938
6000
6002
6004
6005
1920
1943
3675
3676
3678
5867
5868
5870
6001
6003
6004
6005
1944
4940
1923
1925
1930
1931
1934
1923
1926
4937
1927
1947
3686
3688
3690
1925
1926
4939
1927
3697
3699
3701
5874
5875
5877
1927
1950
4941
1951
3706
3707
3709
5881
5882
5884
1932
1933
1934
3681
3685
3696
1932
1933
3057
3623
3682
1932
1934
3058
3686
1933
1934
3624
3697
3061
3683
3689
3627
3684
3700
3690
3701
1938
1939
3713
3720
5705
1938
1939
3091
3657
5706
1938
3092
3714
3094
3717
5709
3659
3722
5710
1942
1944
1942
1945
1946
4943
4949
1944
1945
3725
3727
3729
5020
5021
5023
1946
4945
1946
4952
5713
5714
5716
4947
4953
1949
1951
1956
1957
1960
1949
1952
4944
3740
3742
3744
6006
6009
6010
6012
1951
1952
4946
3747
3749
3751
5895
5896
5898
6007
6009
6011
6012
4948
6008
6010
6011
6012
6006
6007
6008
1958
1959
1960
3739
3746
1958
1959
3110
3687
3737
1958
1960
3111
3740
1959
1960
3688
3747
3114
3743
3691
3738
3750
3744
3751
1965
1966
1967
3766
5719
1965
1966
3139
3715
1965
1967
3140
3759
5720
1966
1967
3716
3767
3143
5723
3719
3770
3760
3771
5724
1972
1973
1974
1972
1973
3149
3741
1972
1974
3150
3780
1973
1974
3742
3784
3153
3782
3745
3786
3783
3787
1977
3200
3832
5763
1977
3781
3834
5764
3833
3835
5767
1980
1982
4972
1980
1983
4979
1984
1996
5776
5778
5780
1982
1983
4975
4981
1984
4976
5783
5785
5787
1984
1999
4983
2000
3881
3882
3884
5923
5924
5926
1987
1988
3890
3897
1987
1988
3278
3843
3891
3280
3894
3899
3895
1991
1993
1991
1994
3902
3904
3906
1995
2014
4985
1993
1994
3909
3911
3913
5033
5037
5038
1995
4987
1995
2017
3918
3919
3921
5937
5938
5940
2018
4989
1998
2000
2005
2006
2009
1998
2001
4986
3929
3931
3933
5790
5792
5794
6013
6016
6017
6019
2000
2001
4988
3936
3938
3940
4796
4797
4799
6014
6016
6018
6019
4990
5943
5947
5948
6015
6017
6018
6019
6013
6014
6015
2007
2008
2009
3924
3928
3935
2007
2008
3299
3925
5777
2007
2009
3300
3929
2008
2009
3936
5778
3303
3926
3932
3927
3939
5781
3933
3940
2012
2013
3947
3954
3965
2012
2013
3332
3898
3948
3334
3951
3956
3900
3952
3966
2016
2018
2016
2019
3959
3961
3963
2020
2028
4992
2018
2019
3968
3970
3972
5041
5042
5044
2020
4994
2020
2031
3977
3978
3980
4642
4643
4645
2032
4996
5951
5952
5954
2023
3368
5791
2023
3931
4004
5792
4005
5795
2026
2027
4006
4013
4024
2026
2027
3388
3955
4007
3390
4010
4015
3957
4011
4025
2030
2032
2030
2033
4018
4020
4022
2034
2036
2032
2033
2111
2112
2114
4027
4029
4031
2034
2038
5965
5966
5968
2034
4035
4036
4038
4717
4718
4720
5804
5805
5807
2040
4724
4725
4727
2037
2039
4993
5000
5001
5004
2037
2040
4046
4048
4050
5811
5813
5815
6020
6023
6024
6026
2039
2040
4996
5055
5056
5058
4055
4057
4059
4739
4740
4742
4997
6021
6023
6025
6026
4746
4747
4749
5825
5826
5828
6022
6024
6025
6026
6020
6021
6022
2043
2044
3445
4014
4071
3447
4074
4016
4075
3489
4047
2048
3490
5812
2048
4048
4132
5813
5816
2052
4133
4147
5664
2052
2053
4150
2052
2053
4135
4151
5667
4149
4154
5669
4155
2058
2059
2060
4172
4179
4186
2058
2059
4137
4173
5993
2058
2060
4165
4180
5994
2059
2060
4176
4183
5997
4139
4177
4184
2065
2066
2067
4200
4214
5838
2065
2066
4152
4201
2065
2067
4174
5839
2066
2067
4153
4175
4215
4204
5842
4156
4205
4216
4178
4217
5843
2069
2070
3582
4202
4226
3585
4229
4206
4230
2073
4231
4238
2073
3605
4232
3609
4235
4242
2077
3634
4227
2077
2078
3635
4303
5854
2078
4228
5855
3638
4306
4307
5858
2083
2084
2085
4313
5866
2083
2084
4240
6000
2083
2085
4308
5867
6001
2084
2085
4241
5870
6004
4243
4314
5871
2089
3698
4304
2089
2090
3699
4388
5875
2090
4305
5876
3702
4391
4392
5879
2093
3749
4466
5896
2093
4390
5897
5900
2097
2098
4469
5904
2097
2098
3768
4399
5905
2097
3769
4470
3772
4471
5906
5907
3785
4485
2105
2106
4569
5916
2104
2105
2106
4563
2104
2105
4561
5784
5919
2104
2106
4564
5785
4562
4567
5788
5921
4568
4570
3937
4565
3938
4630
4797
4566
4798
2114
2115
2116
4716
4730
5964
2114
2115
4643
5965
2114
2116
4713
4717
2115
2116
4644
4714
4720
5968
4647
4731
5969
4721
2120
4056
4700
2120
2121
4057
4740
4767
2121
4701
4741
4060
4744
2124
2125
4718
4769
5805
2124
4776
5806
4772
4777
5809
4722
4773
2129
2130
4747
4781
5826
2129
2131
4770
4783
5827
2130
2131
4748
4771
4782
4784
5830
4751
4774
2134
4336
4785
2134
4337
4789
4340
4787
4790
2137
2138
2137
2141
2140
2143
2140
5355
2140
2144
5356
2146
5360
2143
2482
2143
2145
2149
2483
2146
2485
2146
5362
2146
2152
5364
5366
2148
2150
2525
2155
2537
2151
2152
4824
2151
2155
4825
2154
2157
4827
2154
5398
2154
2158
2162
5399
2160
5401
2157
2551
2157
2159
2167
2552
2160
2554
2160
2165
5405
2160
2170
5406
5408
2163
2164
2163
2165
2166
2557
2166
2565
2568
2169
2170
2169
2173
2172
2175
2172
2626
2172
2176
2627
2178
2629
2175
2633
2175
2177
2634
2178
2636
2178
2640
2178
2641
2643
2180
2184
2190
2856
2188
2857
2182
2185
2222
2861
2188
2863
2186
2187
2196
2228
2186
2188
2197
5482
2187
2188
2229
5483
2199
2231
5485
2191
2192
2191
2197
2194
2201
2194
2872
2194
2202
2876
2205
2877
2199
2200
2201
2199
2200
2248
2199
2201
2200
2201
2203
2249
2204
2251
2205
2205
5503
2204
2205
2256
5504
2258
5506
2208
2223
2903
2210
2234
2279
2210
2211
2238
2912
2211
2283
2913
2239
2915
2213
2219
2227
2220
2232
2215
2234
2216
2218
2236
2219
2237
2218
2220
2241
5292
2219
5294
2220
5295
2243
5297
2224
2225
2226
2227
2237
2224
2226
2229
4830
2225
2226
2238
4831
2231
2239
2233
2240
4833
2231
2232
2233
5295
2231
2232
2248
2231
2233
2232
2233
2250
5296
2252
5297
5298
2236
2239
2236
2240
5293
2237
5294
2239
2240
5295
2239
2240
5298
2243
2244
5299
2243
2244
2245
5300
5303
2246
5304
2246
2261
2266
2292
2251
2252
2253
2254
5300
2251
2252
2251
2253
2256
2252
2253
5301
2258
5303
2260
5305
2258
2259
2260
2261
2258
2259
2258
2260
2259
2260
2263
2268
2265
2267
2265
2266
2267
5300
2265
2266
2269
2306
2265
2267
2270
2266
2267
2307
5302
2309
5304
5305
2270
2319
2932
2320
2933
2274
2281
2274
2275
5306
2276
5309
2276
5310
5311
2278
2283
2285
2290
2281
2284
2281
2285
5307
5516
2282
5309
2284
2285
5311
2284
2285
5518
5312
5520
2287
2290
2969
5308
2288
5310
2290
5311
2290
2971
2973
5312
2292
2293
2301
2305
2309
2303
2310
2297
2298
2297
2300
2298
2300
2299
2299
2300
2301
2304
2303
2304
2312
2303
2304
2313
2335
2316
2317
2336
2309
2310
2311
2312
5316
2309
2310
2319
2309
2311
5317
2310
2311
2314
2321
5318
2316
2322
2318
5319
2316
2317
2318
2316
2317
2324
5321
2316
2318
2325
2317
2318
5322
2327
5324
2322
2323
2322
2323
2325
2327
2328
2327
2350
2327
2328
2986
2328
2351
2987
2989
2331
3016
2332
2362
2332
3022
2366
3024
2336
2337
2346
5320
2336
2337
5321
5324
2348
5325
2341
2342
2341
2344
2345
2342
2344
2343
2343
2344
2346
2349
2349
2377
2348
2349
5327
2348
2349
2379
5328
5331
2380
5332
2353
5321
2354
2353
2354
2356
5323
2357
5325
2358
2357
2399
5328
2357
2358
3049
5329
5331
3052
2361
2364
2361
2370
2404
2372
2364
2364
2367
2371
3077
2365
2372
2367
2373
2367
3079
2376
3081
2369
2374
2415
3085
2376
3087
2372
2375
5341
2372
2376
5530
2373
2375
2376
2375
2376
5345
5532
5346
5534
2380
2380
2381
2389
5334
2380
2381
5335
5338
2390
5339
2385
2386
5138
2385
2388
2386
2388
5142
2387
2387
5143
2388
2389
2391
2390
2391
2392
2396
2397
2425
2396
2397
2398
5334
2396
2397
2436
2396
2398
2402
5337
5971
2397
2398
2437
5972
5339
2439
5340
5974
2401
5335
2401
2402
5337
5339
3103
2405
2409
2405
2407
5341
2406
2411
5343
2407
2412
5344
5346
2413
2422
2411
2411
2413
2451
5348
2412
5350
2413
5351
2456
5353
2417
2418
2419
5344
2417
2418
5345
2418
2420
5346
2423
5347
2422
2423
5351
2423
3131
2422
2423
2469
3132
5352
2471
5353
3134
5354
2425
2433
2435
2439
2428
2431
2428
2432
2429
2431
2432
2433
2431
2432
2434
2434
2442
2447
2502
2439
2440
2441
2442
2439
2440
2439
2441
5552
2440
2441
2444
2449
5553
2446
2448
5555
2446
2447
2448
2446
2447
2446
2448
5559
2447
2448
2509
5560
2511
5562
2476
3162
2456
2457
2455
2456
2457
2460
2455
2456
2455
2457
2461
2464
2465
2459
2460
2474
2466
2479
2464
2465
2466
2464
2465
2482
2464
2466
2524
2465
2466
2484
2526
2486
2528
2471
2472
2473
2474
2471
2472
2471
2473
4866
2472
2473
2476
4867
2478
2480
4869
2478
2479
2480
2478
2479
2544
2478
2480
5573
2479
2480
2545
5574
2547
5576
2485
2486
2487
5363
2485
2486
2485
2487
4824
5364
2486
2487
4826
5366
4828
5368
2491
2492
4816
2491
2494
2495
2492
2494
2493
2497
4819
2493
4820
2494
2498
4821
2500
2497
2500
2503
2497
2501
2557
5370
2498
5371
2500
2501
5372
2500
2501
2505
2560
2506
2562
5375
2511
2506
2506
2507
5383
2506
2507
5384
5387
5388
2511
2512
2513
5377
2511
2512
3179
5378
2512
2514
3180
5380
2517
3182
5382
2516
2517
5383
2517
3186
2516
2517
2587
3187
5386
5388
3189
5389
2519
2521
2546
3206
2522
2548
2522
2595
5391
2522
3212
5392
5394
2527
2528
2529
2536
2527
2528
2527
2529
2537
4825
2528
2529
4826
2540
2541
4829
2533
2534
2535
2536
5390
2533
2535
2538
2534
2535
5391
2540
5394
2542
5395
2540
2541
2542
2540
2541
2551
2540
2542
2606
2541
2542
2553
2608
2555
2610
2547
2548
2549
5390
2547
2548
2547
2549
2548
2549
5392
5394
5396
2554
2555
2556
4823
5404
2554
2555
4825
2554
2556
5406
2555
2556
4827
5408
4829
5410
2561
2562
2561
2562
2563
2571
2561
2563
2572
2562
2563
2575
2576
2568
2569
2570
2571
2568
2569
5405
2568
2570
2573
2569
2570
5407
2575
5409
2577
2575
2576
2577
5411
2575
2576
2575
2577
2647
2576
2577
2578
2648
5412
2579
5415
2649
5416
2579
2590
2593
2584
2585
2586
2589
2584
2585
5384
2584
2586
2587
4894
5386
2585
2586
2591
4895
5388
2593
2588
2594
4897
2588
3234
3236
2593
2594
2593
2667
5412
2593
2594
3239
5413
2594
2668
3240
5415
3242
2598
5419
2599
3262
2598
2599
2601
3263
5421
2603
5423
2604
3265
2603
2672
5426
2603
2604
3271
5427
2604
2673
3272
5429
3274
2609
2610
2611
2618
2609
2610
2609
2611
2619
2610
2611
2622
2623
2615
2616
2617
2618
5425
2615
2617
2620
2616
2617
5426
2622
5429
2624
5430
2622
2623
2624
2622
2623
2633
2622
2624
2683
2623
2624
2635
2685
2637
2687
2629
2630
2631
2639
2629
2630
5406
2629
2631
2640
2630
2631
5407
2643
5410
2644
2636
2637
2638
2639
2636
2637
2636
2638
2641
2637
2638
2643
2645
2643
2644
2645
2643
2644
2652
2643
2645
2701
2644
2645
2654
2703
2656
2705
2649
2650
2658
5432
2649
2649
2650
5433
5436
5437
2655
2656
2657
2658
2655
2656
2655
2657
2656
2657
2659
2659
2660
2665
2664
2665
2666
5432
2664
2665
2664
2666
2671
5435
5978
2665
2666
2724
5979
5437
2726
5438
5981
2670
5433
2670
2671
5435
5437
3294
2675
5440
2676
3316
2675
2676
2678
3317
5442
2680
5444
2681
3319
2680
2738
5447
2680
2681
3325
5448
2681
2739
3326
5450
3328
2686
2687
2688
2693
2686
2687
2686
2688
2694
2687
2688
2697
2698
2691
2692
2693
5446
2691
2692
5447
5450
2699
5451
2697
2698
2699
2697
2698
2708
2697
2699
2698
2699
2710
2747
2712
2748
2704
2705
2706
2714
2704
2705
2704
2706
2715
2705
2706
2718
2719
2711
2712
2713
2714
2711
2712
2711
2713
2716
2712
2713
2718
2720
2718
2719
2720
5453
2718
2719
2718
2720
2719
2720
2721
2777
5454
2722
5457
2778
5458
2722
2729
2732
2726
2727
2735
5460
2726
2727
3347
5462
2727
3348
5464
2737
3350
5466
2732
2733
2734
2735
5460
2732
2733
2804
5454
2732
2734
5455
5463
5615
2733
2734
2736
2805
5616
5457
5465
2807
2737
5466
5618
2737
2737
3355
3357
2741
2756
2742
3372
2741
2742
2743
2758
3373
2744
2760
2745
3375
2744
2745
2764
3381
2766
3384
2748
2749
2751
5467
2748
2749
5468
5471
2753
5472
2751
2762
2753
2754
2769
2753
2754
2770
2780
2773
2781
2774
2759
2760
2761
2762
5467
2759
2760
5447
2759
2761
5449
5469
2760
2761
2764
5451
5471
2766
2768
5473
2766
2767
2768
2769
2766
2767
2813
2766
2768
2767
2768
2772
2814
2774
2816
2775
2773
2774
2775
5467
2773
2774
2791
2819
2773
2775
2792
5470
2774
2775
2820
2794
5472
2822
5473
2778
2782
2783
2778
2784
2787
2781
2782
2790
2781
2791
2794
2797
2787
2788
2789
2797
5474
2787
2788
2804
5454
2787
2789
5456
5476
2788
2789
2799
2806
5458
5478
2801
2808
2803
5480
2794
2795
2796
2797
5474
2794
2795
2834
2794
2796
5477
2795
2796
2800
2835
5479
2802
2837
2803
5480
2801
2802
2803
2801
2802
2801
2803
2810
5985
2802
2803
2840
5986
2841
5988
2807
2808
2807
2809
2808
2809
2810
3413
2815
3434
2816
2817
2818
2816
2816
2817
2820
4915
2817
2826
4916
2822
2824
2827
4918
2822
2823
2824
2829
2822
2823
2834
2822
2824
2823
2824
2830
2836
2831
2838
2832
2827
2828
2845
5635
2827
5639
2832
5640
2832
2846
5642
2831
2832
2831
2832
2843
5646
5647
2837
2838
2839
2837
2838
2837
2839
2840
2838
2839
2843
2841
2842
2844
2841
2842
3464
3467
2844
3474
3475
2846
2848
2862
2904
2851
2920
5496
2851
3493
5497
2921
3494
5499
2854
2858
5488
2854
2857
2855
5490
2857
2858
5481
5491
2857
2858
5482
5485
5486
5493
2863
2864
2865
5481
5495
2863
2864
2863
2865
4830
5483
2864
2865
4832
5496
5485
5499
4834
5487
5500
2867
2871
5489
2868
5490
2870
2871
5491
5495
2870
2871
5497
5499
5494
5501
2874
2877
2874
2878
2875
2877
2878
5502
2877
2878
5503
5506
5507
2883
2884
2892
2883
5503
2884
2883
2884
2893
5505
2896
5507
2897
2887
2890
2887
2891
2888
2890
2891
2892
2890
2891
2894
2896
2898
2896
2897
2898
2896
2897
2941
2896
2898
3520
2897
2898
2899
2942
3521
2900
2944
2901
3523
2900
2901
2948
3527
2949
3528
2905
2906
2907
2911
2919
2905
2907
2912
4831
2906
2907
2920
4832
2915
2923
2916
2924
4835
2910
2911
2926
2910
2913
2917
2928
2915
2916
2917
5509
2915
2916
2915
2917
5518
2916
2917
5510
5519
5513
5514
5521
2925
2929
2923
2924
2925
5509
2923
2924
2923
2925
3543
2924
2925
3544
5511
5513
3546
5515
2928
2929
5509
2928
2929
2978
3550
5512
2980
5514
3552
5515
2938
2947
2935
2936
2937
2938
2951
2935
2936
2935
2937
2936
2937
2952
2955
2939
2956
2939
2958
2960
2984
2944
2945
2946
2947
2951
2944
2945
2944
2946
2948
4922
2945
2946
2953
4923
2949
2955
2950
2957
4925
2949
2950
2958
2949
2950
3572
2961
3573
2955
2956
2957
2958
2955
2956
2995
2955
2957
5692
2956
2957
2959
2996
5693
2960
2998
2961
5695
2960
2961
2960
2961
3002
3576
3003
3577
2963
2965
2972
3018
2968
2974
2966
2979
3597
2968
3030
5524
2968
3598
5525
3031
5527
2973
2975
4837
2973
2974
2975
5523
2973
2974
2974
2975
4841
5524
5527
4842
5528
2980
2981
2982
5523
2980
2981
2980
2982
2981
2982
5525
5527
5529
2984
2992
3001
3003
2989
2990
2991
2992
3005
2989
2990
2989
2991
2990
2991
3006
3009
2993
3010
2993
3012
3014
3047
2998
2999
3000
3001
3005
2998
2999
2998
3000
3002
2999
3000
3007
3003
3009
3004
3011
3003
3004
3012
3003
3004
3618
3015
3619
3009
3010
3011
3012
3009
3010
3056
3009
3011
3622
3010
3011
3013
3057
3623
3014
3059
3015
3625
3014
3015
3014
3015
3063
3629
3064
3630
3020
3022
4838
3019
3020
3023
3029
3019
3020
3030
4841
3033
3027
3034
4843
3028
3037
3026
3027
3026
3027
3028
3039
3026
3028
3079
3027
3028
3040
3080
3043
3044
3082
3033
3034
3035
3039
3033
3034
3033
3035
3651
3034
3035
3041
3652
3043
3045
3654
3037
3038
3042
3091
3657
3044
3093
3045
3658
3043
3044
3045
3043
3044
5538
3043
3045
3661
3044
3045
3662
5539
5541
3664
3047
3062
3064
3052
3053
3054
3066
3052
3053
3052
3054
3053
3054
3067
3070
3071
3059
3060
3061
3062
3066
3059
3060
3059
3061
3063
3060
3061
3068
3064
3070
3065
3072
3064
3065
3073
3064
3065
3682
3076
3683
3070
3071
3072
3073
3070
3071
3109
3070
3072
3686
3071
3072
3074
3110
3687
3075
3112
3076
3689
3075
3076
3075
3076
3115
3693
3694
3081
3083
5530
3081
3082
3083
5531
5537
3081
3082
3082
3083
5538
5534
5541
5535
5542
3087
3088
3089
3095
5531
3087
3089
5532
3088
3089
3096
5534
3099
3100
5536
3093
3094
3095
5537
3093
3094
5539
3094
3097
5541
3101
5543
3099
3100
3101
3099
3100
3138
3099
3101
3714
3100
3101
3139
3715
3141
3717
3105
3106
3107
3116
3105
3106
5971
3106
3107
3117
5973
3120
5975
3121
3112
3113
3114
3116
3112
3113
3112
3114
3115
3113
3114
3118
3120
3122
3737
3120
3121
3122
3120
3121
3148
3120
3122
3740
3121
3122
3149
3741
3151
3743
3124
3127
3133
3159
3129
3135
3126
3128
3140
3759
3129
3142
3129
3167
5545
3129
3761
5546
5548
3134
3135
3136
5544
3134
3135
3134
3136
4866
3135
3136
4868
5545
5548
4870
5549
3141
3142
3143
5544
3141
3142
3141
3143
3142
3143
5546
5548
5550
3146
5559
3146
3154
5561
3156
5563
3151
3152
3153
3151
3152
3151
3153
3152
3153
3155
3156
3157
3156
3199
5566
3156
3157
3780
5567
5569
3782
3160
3162
4867
3160
3167
4868
3164
3169
4871
3164
3165
3171
3164
5573
3164
3165
3172
3207
5575
3175
5577
3176
3209
3169
3170
3171
3169
5580
3169
3170
3173
3792
5582
3175
5584
3177
3794
3175
3176
3177
3175
3176
3219
3175
3177
3797
3176
3177
3220
3798
3222
3800
3182
3183
3184
3185
5586
3182
3183
5560
3182
3184
3186
3183
3184
5561
5587
3189
5564
5590
3190
5591
3189
3190
3191
3192
3189
3190
3189
3191
3234
3190
3191
3193
3235
3196
3197
3237
3196
3197
3198
5586
3196
3197
3250
3196
3198
3202
3812
5589
3197
3198
3251
3813
3203
5591
3253
3815
5592
3201
5587
3201
3202
5589
3203
5591
3203
3832
3208
3209
3210
3211
3218
3208
3209
3208
3210
3212
3209
3210
3219
3215
3222
3216
3223
3215
3216
3217
3226
3215
3216
3215
3217
3262
3216
3217
3227
3264
3230
3231
3266
3222
3223
3224
3226
3222
3223
3222
3224
3837
3223
3224
3228
3838
3230
3232
3840
3229
3278
3843
3230
3231
3232
3230
3231
3282
3230
3232
3845
3231
3232
3283
3846
3285
3848
3236
3237
3245
3249
4893
3236
3237
4894
3237
3250
3247
4897
3253
4898
3242
3243
3244
3245
4893
5593
3242
3243
4895
3242
3244
3246
3243
3244
5594
3247
4897
4899
5597
3248
5598
3247
3248
3256
3247
3248
3259
3292
3253
3254
3255
3256
3253
3254
3253
3255
3865
3254
3255
3257
3866
3260
3868
3259
3260
5593
3260
3259
3260
3305
3872
5596
3306
5598
3873
5599
3265
3266
3267
3270
3281
3265
3266
3265
3267
3271
3266
3267
3282
3274
3285
3275
3286
3269
3270
3288
3276
3290
3274
3275
3276
5600
3274
3275
3274
3276
3316
3275
3276
3318
5601
5604
3320
5605
3279
3280
3281
3288
3279
3280
3283
3285
3287
3291
3285
3286
3287
5600
3285
3286
3285
3287
3891
3286
3287
3892
5602
5604
3894
5606
3290
3291
5600
3290
3291
3332
3898
5603
3333
5605
3899
5606
3306
3296
3308
3296
5978
3296
3309
5980
3312
5982
3301
3302
3303
3304
3308
3301
3302
5594
3301
3303
3305
5596
3302
3303
3310
3306
5598
3312
3307
3314
3306
3307
3306
3307
3925
3926
3312
3313
3314
3312
3313
3367
3312
3314
3929
3313
3314
3930
3932
3319
3320
3321
3324
5607
3319
3320
3319
3321
3325
3320
3321
5608
3328
5611
3329
5612
3323
3324
3335
3330
3337
3328
3329
3330
3339
3328
3329
3328
3330
3372
3329
3330
3340
3374
3343
3344
3376
3333
3334
3335
5607
3333
3334
5609
5611
3338
5613
3337
3338
3339
3337
3338
3342
3388
3955
3344
3389
3345
3956
3343
3344
3345
5607
3343
3344
3392
3343
3345
3959
5610
3344
3345
3393
3960
5612
3395
3962
5613
3350
3351
3352
3353
5621
3350
3351
5979
3350
3352
3354
3351
3352
5622
5980
3357
5625
5983
3358
5626
3357
3358
3359
3360
5614
3357
3358
3357
3359
3410
5616
3358
3359
3361
5618
3364
3365
3411
5620
3364
3365
3366
5621
3364
3365
3419
3364
3366
3370
3984
5624
3365
3366
3420
3985
5626
3421
3987
5627
3369
5622
3369
3370
5624
5626
3375
3376
3377
3380
3391
3375
3376
3375
3377
3381
3376
3377
3392
3384
3395
3385
3396
3379
3380
3398
3386
3400
3384
3385
3386
3402
3384
3385
3384
3386
3433
3385
3386
3403
3435
3406
3407
3437
3389
3390
3391
3398
3389
3390
3393
3395
3397
3401
3395
3396
3397
3402
3395
3396
3395
3397
4007
3396
3397
3404
4008
3406
3408
4010
3400
3401
3402
3400
3401
3405
3445
4014
3407
3446
3408
4015
3406
3407
3408
3406
3407
3449
3406
3408
4018
3407
3408
3450
4019
3452
4021
3411
3418
3411
3421
3415
3416
3417
3423
3415
3416
5985
3416
3417
3424
5987
3427
5989
3428
3421
3422
3430
5628
3421
3421
3422
4042
5630
5632
3431
4043
5634
3427
3428
3429
3430
5628
3427
3428
3488
3427
3429
4046
5631
3428
3429
3489
4047
5633
3491
3431
4049
5634
3431
4053
3436
3437
3438
3441
3448
3436
3437
3436
3438
3442
4916
3437
3438
3449
4917
3452
3443
3453
4920
3440
3443
3456
5636
3441
3458
3443
3459
3443
5639
3461
5641
3446
3447
3448
3446
3447
3450
3452
3454
3455
3452
3453
3454
3459
3452
3453
3452
3454
4071
3453
3454
3460
4072
3461
3462
4074
3462
3458
3461
3458
3462
4078
3459
3461
3462
3461
3462
4081
4082
3467
3468
3469
3478
5649
3467
3468
5986
3467
3469
3468
3469
5650
5987
3479
5653
5990
3480
5654
3472
3476
5643
3472
3475
3473
3477
3475
3476
3478
3475
3476
5646
3479
5648
3478
3483
3479
3480
3484
3486
3483
3486
3483
3487
4108
3484
3486
3487
5649
3486
3487
4111
5652
5654
4112
5655
3491
3492
5650
3491
3492
5652
5654
3496
5657
3497
3543
3496
3497
3498
3545
5659
3499
5661
3547
3499
3512
3555
3515
3501
3506
3502
3503
3507
3511
3515
3510
3517
3506
3509
5663
3506
3510
3507
3509
3510
3509
3510
4135
5667
5668
4136
3515
3516
3517
5656
3515
3516
5659
5992
3515
3517
3516
3517
4137
5993
5661
5662
5995
4138
3528
3523
3524
3525
3526
3535
3523
3524
3523
3525
3527
4922
3524
3525
3536
4924
3528
3539
3529
3540
4926
3528
3529
3528
3529
3572
3574
3531
3534
5670
3532
3534
3535
3534
3537
5674
3539
5675
3539
3540
3541
3539
3540
3580
5678
3539
3541
4164
5679
3540
3541
3581
5681
3583
3546
3547
3548
3554
5684
3546
3547
3546
3548
5685
3547
3548
3555
5688
3557
3558
5689
3552
3553
3560
5684
3552
3553
5686
3553
5688
3562
5690
3557
3558
3559
3564
3557
3558
5992
3558
3559
3566
4165
5994
3568
5996
3570
3562
3563
3564
3562
3563
3567
3605
3569
3607
3570
3568
3569
3570
5684
3568
3569
5687
3568
3570
4166
3569
3570
4167
5689
5690
4169
3573
3574
3575
3586
4921
3573
3574
4922
3577
4925
3587
4926
3577
3578
3595
5691
3577
3578
3618
5693
5695
3596
3620
5697
3583
3584
3585
3586
3588
4921
3583
3584
4924
3583
3585
3584
3585
3590
3587
4926
3592
4927
3594
3587
3595
3592
3593
3594
3595
5691
3592
3593
3633
5694
3592
3594
4226
3593
3594
3634
4227
5696
3596
3636
5697
4229
3596
3640
3598
3600
5699
3600
3601
3653
5701
3602
5703
3602
3611
3668
3614
3607
3608
3609
3610
3607
3608
3607
3609
3608
3609
3612
3614
3616
3614
3615
3616
5698
3614
3615
5701
5999
3614
3616
4239
3615
3616
4240
6000
5703
5704
6002
4242
3619
3620
3628
3639
3619
3620
3630
3640
3625
3626
3627
3628
3641
3625
3626
3625
3627
3629
3626
3627
3642
3630
3645
3631
3646
3630
3631
3648
3630
3631
3682
3649
3684
3636
3637
3638
3639
3641
3636
3637
3636
3638
3637
3638
3643
3640
3645
3647
3640
3648
3645
3646
3647
3648
3645
3646
3697
3645
3647
4303
3646
3647
3698
4304
3649
3700
4306
3649
3704
3654
3655
3656
3660
3667
3654
3655
3654
3656
3661
3655
3656
3668
3664
3670
3665
3671
3658
3659
3662
3664
3666
3673
3664
3665
3666
3674
3664
3665
3664
3666
5706
3665
3666
3675
5708
3678
3679
5710
3670
3671
3672
3674
3670
3671
5999
3671
3672
3676
4308
6001
3678
6003
3680
3679
3722
3678
3679
3680
3678
3679
3725
3678
3680
4309
3679
3680
3726
4310
3728
3683
3684
3692
3703
3683
3684
3694
3704
3689
3690
3691
3692
3705
3689
3690
3689
3691
3693
3690
3691
3706
3694
3709
3695
3710
3694
3695
3712
3694
3695
3737
3738
3700
3701
3702
3703
3705
3700
3701
3700
3702
3701
3702
3707
3704
3709
3711
3704
3712
3709
3710
3711
3712
3709
3710
3747
3709
3711
4388
3710
3711
3748
4389
3750
4391
3717
3718
3719
3731
3717
3718
3717
3719
3718
3719
3732
3734
3735
3722
3723
3724
3731
3722
3723
3726
3728
3730
3736
3728
3729
3730
5705
5712
3728
3729
5708
3728
3730
4394
3729
3730
4395
5714
5710
5711
5716
4397
5718
3734
3735
3736
5712
3734
3735
3767
3735
3736
3768
4399
5715
3770
5717
4400
5718
3738
3743
3744
3745
3753
3743
3744
3743
3745
3744
3745
3754
3756
3757
3750
3751
3752
3753
3750
3751
3750
3752
3751
3752
3755
3756
3758
3756
3757
3758
3756
3757
3784
6006
3756
3758
4466
6007
6009
3786
3760
3761
3763
3763
5720
3763
3764
3793
5722
3765
5724
3765
3775
3804
3777
3770
3771
3772
3774
3770
3771
3770
3772
3771
3772
3776
3777
3779
3778
3779
4467
5747
3777
3778
3779
5719
3777
3778
5722
5751
3777
3779
4470
5724
5725
5752
4471
3782
3783
5727
3783
3788
5729
3790
5731
3786
3787
5734
3787
3789
5736
3790
5738
3790
3834
5741
3790
5742
5744
3794
3795
3796
3794
3795
3797
4965
3795
3804
4966
3800
3801
3805
4969
3800
3801
3802
3807
3800
3801
3800
3802
3837
3801
3802
3808
3839
3809
3810
3841
3805
3806
5748
3805
5751
3809
5753
3809
4515
5754
3809
3810
3809
3810
3853
5758
5759
3854
3815
3816
3817
3825
5761
3815
3816
3832
5763
3815
3817
3865
3816
3817
3826
3867
5765
3829
3833
5767
3830
3869
3822
3823
3824
3825
5761
3822
3823
3834
5741
5764
3822
3824
4517
5743
3823
3824
3827
4518
5745
5766
3829
3835
5767
3831
4519
3829
3830
3831
3829
3830
3876
3829
3831
3830
3831
3877
4522
3878
4523
3833
3835
3840
3841
3842
3844
3852
3840
3841
3840
3842
3845
3841
3842
3853
3848
3854
3849
3855
3846
3848
3849
3850
3858
3848
3849
3848
3850
3891
3849
3850
3859
3893
3861
3862
3895
3855
3856
3857
4536
5769
3854
3855
3856
3858
3854
3855
5772
3861
5774
3863
3861
3863
4537
3861
3862
3863
3861
3862
3909
3862
3863
3910
3912
3868
3869
3870
3871
3875
3868
3869
3868
3870
3869
3870
3876
3873
3878
3873
3874
3887
5775
3873
3874
3925
5777
5779
3888
3927
5781
3878
3879
3887
5782
3878
3878
3879
4561
5784
5786
3889
4562
5788
3884
3885
3886
3887
5775
5782
3884
3885
3936
5778
3884
3886
4564
5785
3885
3886
3937
4565
5780
5787
3888
3939
5781
3889
4567
5788
3888
3889
3942
3894
3895
3896
3901
3908
3894
3895
3894
3896
3902
3895
3896
3909
3905
3912
3906
3913
3899
3900
3901
3915
3899
3900
3903
3905
3907
3916
3905
3906
3907
3917
3905
3906
5602
3905
3907
3948
5603
3906
3907
3918
3950
5606
3921
3922
3952
3912
3913
3914
3917
3912
3913
3912
3914
3913
3914
3919
4573
3921
3923
4574
3916
3917
3922
3966
3921
3922
3923
3921
3922
3968
3921
3923
4576
3922
3923
3969
4577
3971
4579
3926
3927
3926
3927
3942
3932
3933
3934
3943
3932
3933
3932
3934
3933
3934
3944
3946
3939
3940
3941
3943
3939
3940
3939
3941
3940
3941
3945
3942
3946
3946
3946
4004
6013
3946
4630
6014
6016
3951
3952
3953
3958
3967
3951
3952
5609
3951
3953
3959
5610
3952
3953
3968
3962
5613
3971
3963
3972
3956
3957
3958
3974
3956
3957
3960
3962
3964
3975
3962
3963
3964
3976
3962
3963
3962
3964
4007
3963
3964
3977
4009
3980
3981
4011
3966
3967
3974
3971
3971
3972
3973
3976
3971
3972
3971
3973
4631
3972
3973
3978
4632
3980
3982
4634
3975
3976
3981
4025
3980
3981
3982
3980
3981
4027
3980
3982
4636
3981
3982
4028
4637
4030
4639
3987
3988
3989
3997
5789
3987
3988
5791
3987
3989
4042
3988
3989
3998
5793
4001
5795
4002
4044
3994
3995
3996
3997
5789
3994
3995
4004
5792
6013
3994
3996
4694
6015
3995
3996
3999
4695
5794
6017
4001
4005
5795
4003
4696
4001
4002
4003
5796
4001
4002
4001
4003
4002
4003
4062
4705
5799
4063
5801
4706
5802
4005
4010
4011
4012
4017
4026
4010
4011
4010
4012
4018
4011
4012
4027
4021
4030
4022
4031
4015
4016
4017
4033
4015
4016
4019
4021
4023
4021
4022
4023
4034
4021
4022
4021
4023
4071
4022
4023
4035
4073
4038
4039
4075
4025
4026
4033
4030
4030
4031
4032
4034
4030
4031
4030
4032
4712
4031
4032
4036
4713
4038
4040
4034
4038
4039
4040
4038
4039
4085
4038
4040
4715
4039
4040
4086
4088
4043
4044
4052
4061
4998
4043
4044
4999
4053
5002
4063
5003
4049
4050
4051
4052
4064
4998
4049
4050
5000
4049
4051
4050
4051
4065
4053
5002
4067
5004
4068
4053
4058
4059
4060
4061
4064
4998
4058
4059
5001
5797
4058
4060
4062
5799
4059
4060
4066
4063
5003
5801
4067
5004
4069
4063
4063
4067
4068
4069
4067
4068
4132
6020
4067
4069
4767
6021
6023
4074
4075
4076
4080
4084
4074
4075
4074
4076
4081
4075
4076
4085
4082
4088
4083
4089
4079
4083
4090
4079
4082
4080
4082
4083
4091
4082
4083
4093
4088
4089
4091
4088
4089
5804
4088
4089
4092
5806
4093
5808
4093
4094
4093
4093
4098
4099
4096
4099
4096
4100
4102
4775
4097
4103
4099
4100
4104
5803
4099
4100
4776
5806
5808
4107
4777
5809
4103
4106
4121
4103
4107
4778
4104
4106
4107
4106
4107
4125
4779
4126
4780
4109
4112
5818
4110
4128
5819
4112
4113
4129
5810
5820
4112
4113
5812
5814
5822
4130
5816
4118
4119
4120
4129
5810
5824
4118
4119
4132
5813
6020
4118
4120
4781
5826
6022
4119
4120
5815
5828
6024
4130
5816
4131
4782
5830
4123
4126
5817
4123
4127
4124
4128
5819
4126
4127
4129
5820
5824
4126
4127
4783
5827
5823
5829
4131
4784
5830
4129
4130
4131
4134
4147
4136
4141
4144
4138
4139
4142
4144
4146
4144
4145
4146
4144
4145
4151
4144
4146
4173
4145
4146
4153
4175
4155
4177
4149
5671
4149
4158
5674
4161
5676
4154
4155
4156
4157
4154
4155
4154
4156
4159
4155
4156
4163
4161
4162
4161
4162
4161
4164
5679
4161
4162
4201
5680
4162
4203
5683
4205
4215
4166
4169
4170
4180
4169
4171
4232
4170
4171
4182
4234
4184
4236
4176
4177
4178
4187
5831
4176
4177
4176
4178
5832
4177
4178
4188
5835
4189
4190
5836
4183
4184
4185
4191
5831
4183
4184
4183
4185
5013
5833
4184
4185
4192
5015
5835
4193
4194
5017
5837
4187
4191
4189
4190
4195
4189
4190
4215
4198
4217
4193
4194
4195
4193
4194
4253
4199
4256
4198
4199
5831
4198
4199
4220
4260
5834
4199
4261
4221
5836
4263
5837
4204
4205
4206
4207
4218
4204
4205
4204
4206
4208
4205
4206
4211
4212
4211
4212
4213
4223
5838
4211
4212
4226
4211
4213
5840
5853
4212
4213
4224
4228
5855
5842
4230
4225
5844
5857
4216
4217
4218
4219
4216
4217
4221
4223
4221
4222
4223
5838
4221
4222
4281
5841
5843
4225
4284
5844
4225
4225
4288
4289
4229
4230
4229
4230
4235
4236
4237
4244
5845
4235
4236
4235
4237
5014
5846
4236
4237
4245
5015
5849
4246
5018
5850
4242
4243
5845
4242
4242
4243
5847
4243
5849
4247
5851
4246
4248
4246
4253
4250
4257
4251
4314
4250
4251
5845
4250
4251
4267
4316
5848
4270
5850
4319
5851
4256
4257
4258
4259
4266
5012
4256
4257
5015
4256
4258
4261
4257
4258
4268
4263
5017
4270
5018
4265
4272
4263
4264
4265
4273
4263
4264
4281
4263
4265
4264
4265
4275
4283
4277
4285
4279
4270
4271
4272
4273
4270
4271
4335
4270
4272
4271
4272
4276
4336
4278
4338
4279
4277
4278
4279
4277
4278
4292
4342
4277
4279
4293
4278
4279
4343
4295
4345
4284
4285
4286
4287
4291
4284
4285
4284
4286
4285
4286
4293
4289
4295
4297
4289
4290
4298
5852
4289
4290
5855
5857
4301
5858
4295
4296
4297
4298
4295
4296
4363
4295
4297
4296
4297
4300
4364
4302
4366
4301
4302
5859
4301
4302
4370
5862
4302
4371
5864
4372
5865
4306
4307
5860
4306
4307
5862
5864
4309
4312
5867
4394
4312
4396
5869
5871
4314
4315
4323
4319
4319
4320
4321
4329
4319
4320
4335
4319
4321
4320
4321
4330
4337
4331
4339
4333
4326
4328
4413
4325
4326
4329
5866
4325
4326
4417
5869
5871
4332
4418
5872
4331
4332
4349
4421
4332
4333
4422
4331
4332
4333
4331
4333
4352
4353
4426
4338
4339
4340
4341
4351
4338
4339
4338
4340
4343
4339
4340
4352
4345
4353
4347
4354
4345
4346
4347
4358
4345
4346
4363
4345
4347
4785
4346
4347
4359
4365
4786
4360
4367
4361
4787
4350
4354
4355
4788
5166
4350
4353
5170
4351
4357
5171
4353
4354
4358
4353
4354
4789
4361
4790
4357
4361
4791
4357
4360
4375
4358
4360
4361
4360
4361
4378
4792
4379
4793
4366
4367
4368
4369
4377
4366
4367
4366
4368
4371
4367
4368
4378
4372
4379
4374
4381
4372
4373
4374
4383
5873
4372
4373
5876
4372
4374
5878
4385
5879
4387
4379
4380
4442
4380
4381
4382
4443
4379
4380
4381
4383
4379
4381
4794
4386
4447
4387
4386
4387
4448
4385
4386
4387
5880
4385
4386
4451
5883
5885
4452
5886
4391
4392
5881
4391
4392
5883
5885
4397
4398
4402
4397
4397
4398
4403
5021
4398
4408
5022
4405
4406
4409
5025
4400
4404
4405
4406
4407
4410
5902
4405
4406
4407
4405
4406
5714
4405
4407
5715
5905
5718
4411
4412
5907
4409
4417
4411
4419
4411
4412
4428
4473
4433
4476
4415
4418
4422
4415
4419
4429
4416
4424
4431
4418
4419
4425
4432
5019
4418
4419
5022
4426
5024
4433
5025
4423
4424
5167
5887
4423
4426
5170
4424
4426
4425
5172
5890
4425
5892
4426
5893
4430
4431
5888
4430
4433
4431
4433
4432
5891
4432
5892
4433
5893
4438
4439
4440
4462
5894
4438
4439
4466
5896
6007
4438
4440
4484
6008
4439
4440
4463
4486
5898
6011
4464
5900
4465
4488
4444
4445
4454
4444
4447
4445
4447
4448
4446
4457
4446
4449
4458
4447
4450
4459
4452
4449
4452
4450
4461
4452
4453
4462
5894
4452
4453
5897
5899
4464
5900
4457
4458
5180
4457
4460
4498
5184
4458
4460
4499
4459
5185
4459
4461
4460
4462
4465
4503
4462
4464
4465
4464
4465
4505
4468
4471
5909
4469
4477
5912
4471
5913
4471
5914
4474
4478
4474
4476
5902
4475
4480
5903
4476
4482
5904
5907
4481
4480
4480
4481
5910
4482
5911
4482
5912
5913
4487
4488
4489
4490
4504
4487
4488
5735
4487
4489
4491
5736
4488
4489
4494
5739
4505
4495
4494
4495
4496
4513
4494
4495
5742
4494
4496
4517
5743
4495
4496
5746
4514
4520
4500
4501
4506
5209
4500
4503
5212
4501
4503
4502
4509
5214
4502
4510
4503
4504
4511
4505
4505
4513
4509
4510
4509
4512
4526
4510
4512
4511
4511
4512
4513
4514
4529
4514
4530
4519
4520
4521
5029
4519
4520
5030
4519
4523
5031
4530
5032
4523
4524
5918
4523
4524
4561
5919
5920
5921
4527
4531
4527
4529
5027
4528
4533
5028
4529
4534
5029
4530
5032
4533
4533
4535
4569
5916
4534
5917
4535
5918
5921
4537
4539
4539
4572
4543
4544
5929
4543
4546
4569
4544
4546
4554
4545
5932
4545
4556
5934
4546
4557
5935
4559
4570
4550
4551
5930
4550
4553
4611
4551
4553
4555
4612
4552
5933
4552
4556
5934
4553
4557
5935
4560
4615
4556
4559
4556
4560
4617
4557
4559
4560
5922
4559
4560
4619
5925
4571
5927
4620
5928
4562
4567
4568
4567
4568
5923
4567
4568
5925
4571
5927
4570
4571
4575
5034
4574
4575
4576
5037
4579
4580
5039
4579
4580
5937
4579
4631
4580
4633
5939
5941
4582
4584
5034
4583
4588
5035
4584
4591
4592
5036
4594
5039
4588
4590
4589
4590
4596
5286
4588
4589
5289
4591
4591
4599
5291
4591
4600
4601
4594
4595
4601
5936
4594
4595
4649
5939
5941
4602
4650
5942
4599
4600
4599
4602
4652
4600
4602
4653
4601
4601
4602
4656
4607
4608
4609
4628
4795
5946
4607
4608
4630
4797
6014
4607
4609
4694
5947
6015
4608
4609
4799
5948
6018
4801
4629
4697
5949
4613
4616
4622
4613
4615
4615
4616
4617
4614
4624
4615
4616
4618
4625
4620
4627
4620
4620
4621
4628
4795
4620
4621
4798
4800
4801
4624
4627
4624
4626
4707
5944
4625
5945
4626
4627
4628
5946
4629
4709
5949
4629
4634
4634
4635
4636
5042
4635
5043
4639
4640
5046
4639
4640
4642
4639
4712
4640
4644
4714
4646
4645
4646
4647
4659
5040
5950
4645
4646
5042
4645
4647
5952
4646
4647
5044
5954
4660
5046
4661
5956
4650
4651
4654
4659
5040
4650
4651
5043
4656
5045
4660
5046
4656
4657
4668
4656
4658
4656
4657
4658
4662
4657
4658
4664
4671
4665
4672
4660
4661
4662
4666
4731
4665
4666
5950
4665
4666
4682
4733
5953
4665
4683
4685
5955
4734
5956
4669
4673
4674
4669
4672
4670
4676
4672
4673
4677
4681
4672
4673
4683
4685
4680
4687
4676
4680
4676
4679
4707
4677
4679
4680
4688
4679
4680
4690
4710
4692
4685
4686
4687
4688
4685
4686
4759
4685
4687
4686
4687
4691
4760
4692
4690
4691
4692
5957
4690
4691
4763
5960
4711
5962
4764
5963
4696
4697
5048
4696
4697
5049
4696
4706
5051
5052
4702
4703
4704
5048
4702
4703
5050
5798
5958
4702
4704
4705
5799
4703
4704
5960
4706
5051
5802
4711
5053
5962
4706
4709
4710
5047
4709
4710
5048
5052
4711
5053
4715
4717
4720
4721
4722
4723
4720
4721
4720
4722
4725
4721
4722
4727
4729
4727
4728
4729
4736
5964
4727
4728
4746
5966
4727
4729
4769
4728
4729
4748
4771
5968
4737
4750
5970
4773
4731
4732
4734
4734
4735
4736
5964
4734
4735
4759
5967
5969
4737
4761
5970
4737
4766
4742
4743
4744
4752
4762
5054
4742
4743
5055
5959
4742
4744
4753
4743
4744
4763
5960
4755
5058
4764
5059
5963
4756
4749
4750
4751
4752
4765
5054
4749
4750
5056
4749
4751
4754
4750
4751
4755
5058
4766
5060
4757
4755
4756
4757
4755
4756
4767
6021
4755
4757
4781
6022
6025
4760
4761
4762
4765
5054
4760
4761
5057
4764
5059
4766
5060
4764
4764
4766
4772
4773
4774
4772
4773
4772
4774
4779
4773
4774
4780
4777
4778
4777
4780
4780
4780
4783
4782
4784
4787
4787
4792
4793
4790
4791
4790
4793
4793
4793
4794
4799
4800
4801
4799
4800
5924
4799
4801
4800
4801
5925
5928
4804
4807
5124
4804
4808
5131
4805
5126
5133
4807
4808
5127
5134
4807
4808
5129
5136
4811
4814
5132
4811
4815
5146
5159
4812
5161
4814
4815
5162
4814
4815
5135
5149
5137
5151
5164
4819
4820
5160
4819
4822
5356
5369
4820
4822
5163
5357
4821
5371
4821
5165
4822
5372
5361
5374
4827
4828
4829
5397
4827
4828
5398
4827
4829
4828
4829
5401
5402
4833
4834
4833
4835
4834
4835
4836
4836
4836
4839
4842
4839
4843
4840
4842
4843
4842
4843
4846
4848
4846
4849
4850
6027
4848
4849
4850
4935
4850
4936
6030
4937
6031
4853
4855
4853
4856
4857
4859
4872
4855
4856
4857
4861
4949
4857
4875
4950
4863
4876
4951
4860
4862
6029
4860
4863
4864
4879
4862
4863
6032
4864
4956
6033
4864
4882
4957
4883
4958
4869
4870
4871
5572
5579
4869
4870
4869
4871
5573
4870
4871
5580
5576
5583
5577
5584
4874
4876
4874
4877
4878
4880
4886
4876
4877
4878
4882
6034
4878
4889
6035
4884
4890
6036
4881
4883
4881
4884
4885
4883
4884
4885
4970
4885
4971
4972
4888
4890
4888
4891
4892
4900
4890
4891
4892
4977
4892
4903
4978
4904
4979
4897
4898
4899
4897
4898
4897
4899
4898
4899
4902
4904
4902
4905
4906
4907
4904
4905
4906
4984
4906
4910
4985
4911
4986
4909
4911
4909
4912
4913
5455
5456
5459
5615
5617
5619
4911
4912
4913
4991
4913
4992
4993
4918
4919
4920
5638
4918
4919
4918
4920
5639
4919
4920
5640
5641
4925
4926
4927
5691
4925
4926
4925
4927
5692
4926
4927
5695
5696
4930
4932
4930
4933
4934
4935
4932
4933
5013
5014
5016
4934
4934
4938
4939
4937
4939
4937
4940
4941
4942
4939
4940
4941
4941
4945
4946
4944
4946
6031
4944
4947
6032
4948
4956
6033
4946
4947
4948
4948
4959
4960
4951
4953
4951
4954
4955
4957
6034
4953
4954
4955
4959
4955
6037
4961
6038
4958
4960
4958
4961
4962
4970
4960
4961
4962
4962
4973
4974
4967
4968
4969
5750
4967
4968
5581
5721
4967
4969
5582
4968
4969
5722
5751
5585
5725
5752
5753
4972
4974
4972
4975
6036
4976
4974
4975
6038
4976
4976
6040
4979
4981
6036
4979
4982
4983
4984
4981
4982
6039
4983
6040
4983
4987
4988
4986
4988
4986
4989
4990
4991
4988
4989
4990
4990
4994
4995
4993
4995
4993
4996
4997
4995
4996
4997
4997
5797
5798
5800
5958
5959
5961
5002
5003
5004
5002
5003
5630
5002
5004
5631
5003
5004
5634
5009
5010
5011
5103
5009
5010
5077
5104
5009
5011
5078
5010
5011
5081
5107
5108
5016
5017
5018
5016
5017
5016
5018
5017
5018
5023
5024
5025
5023
5024
5868
5023
5025
5024
5025
5869
5872
5028
5031
5915
5028
5032
5029
5917
5031
5032
5918
5031
5032
5920
5035
5038
5035
5039
5036
5038
5039
5936
5038
5039
5937
5940
5941
5044
5045
5046
5044
5045
5938
5044
5046
5045
5046
5939
5942
5052
5053
5944
5051
5052
5053
5051
5052
5947
5051
5053
5949
5058
5059
5060
5058
5059
5058
5060
5966
5059
5060
5967
5970
5065
5066
5067
5068
5065
5066
5065
5067
5090
5066
5067
5071
5091
5073
5074
5093
5072
5073
5074
5072
5073
5072
5074
5097
5073
5074
5098
5100
5079
5080
5081
5082
5079
5080
5079
5081
5084
5080
5081
5086
5088
5086
5087
5088
5086
5087
5086
5088
5104
5087
5088
5105
5107
5093
5094
5095
5096
5093
5094
5093
5095
5098
5094
5095
5100
5102
5100
5101
5102
5100
5101
5100
5102
5101
5102
5107
5108
5109
5107
5108
5107
5109
5108
5109
5114
5115
5116
5114
5115
5292
5313
5114
5116
5293
5115
5116
5314
5294
5315
5119
5122
5131
5119
5123
5145
5120
5122
5123
5122
5123
5135
5149
5136
5150
5126
5129
5126
5130
5138
5127
5140
5129
5130
5141
5129
5130
5143
5133
5136
5133
5137
5139
5134
5140
5136
5137
5141
5136
5137
5144
5140
5143
5140
5144
5141
5143
5144
5143
5144
5147
5150
5147
5151
5152
5148
5154
5150
5151
5155
5150
5151
5157
5154
5157
5159
5154
5158
5355
5155
5157
5158
5157
5158
5163
5357
5164
5358
5161
5164
5161
5165
5162
5164
5165
5164
5165
5168
5171
5168
5172
5173
5169
5175
5171
5172
5176
5171
5172
5178
5175
5178
5887
5175
5179
5181
5201
5176
5182
5178
5179
5183
5178
5179
5205
5889
5890
5186
5206
5182
5185
5182
5186
5208
5183
5185
5186
5185
5186
5212
5213
5189
5192
5888
5189
5193
5194
5202
5190
5196
5192
5193
5197
5192
5193
5205
5889
5891
5199
5207
5196
5199
5215
5196
5200
5229
5197
5199
5200
5199
5200
5219
5233
5220
5234
5203
5206
5208
5203
5207
5215
5204
5210
5217
5206
5207
5211
5218
5206
5207
5213
5220
5210
5213
5210
5214
5211
5213
5214
5213
5214
5217
5220
5217
5221
5250
5218
5220
5221
5220
5221
5254
5255
5224
5227
5229
5224
5228
5236
5225
5231
5238
5227
5228
5232
5239
5227
5228
5234
5241
5231
5234
5231
5235
5243
5251
5232
5245
5234
5235
5246
5234
5235
5254
5248
5256
5238
5241
5238
5242
5244
5264
5239
5245
5241
5242
5246
5241
5242
5268
5249
5269
5245
5248
5257
5245
5249
5271
5246
5248
5249
5248
5249
5261
5275
5262
5276
5252
5255
5252
5256
5257
5253
5259
5255
5256
5260
5255
5256
5262
5259
5262
5259
5263
5929
5260
5262
5263
5262
5263
5931
5932
5266
5269
5271
5266
5270
5278
5267
5273
5280
5269
5270
5274
5281
5269
5270
5276
5283
5273
5276
5273
5277
5930
5274
5276
5277
5276
5277
5931
5933
5280
5283
5280
5284
5285
5281
5283
5284
5283
5284
5289
5290
5287
5290
5287
5291
5288
5290
5291
5290
5291
5294
5297
5299
5294
5298
5295
5297
5298
5297
5298
5301
5303
5303
5304
5313
5303
5304
5305
5303
5305
5304
5305
5317
5318
5309
5310
5309
5312
5310
5312
5311
5311
5312
5315
5318
5315
5319
5316
5318
5319
5318
5319
5324
5325
5326
5327
5324
5325
5324
5326
5325
5326
5329
5331
5333
5331
5332
5333
5331
5332
5335
5331
5333
5332
5333
5336
5338
5338
5339
5340
5338
5339
5338
5340
5339
5340
5343
5346
5343
5347
5349
5344
5350
5346
5347
5351
5346
5347
5354
5350
5353
5350
5354
5351
5353
5354
5353
5354
5358
5360
5360
5361
5362
5358
5361
5359
5360
5361
5363
5366
5367
5366
5367
5369
5366
5367
5368
5366
5368
5398
5367
5368
5373
5400
5374
5402
5371
5374
5371
5375
5372
5374
5375
5374
5375
5380
5381
5380
5381
5382
5383
5380
5382
5381
5382
5385
5387
5389
5387
5388
5389
5387
5388
5387
5389
5388
5389
5394
5395
5396
5394
5395
5419
5394
5396
5395
5396
5420
5422
5401
5402
5403
5404
5401
5402
5401
5403
5405
5402
5403
5408
5409
5408
5409
5410
5408
5409
5408
5410
5409
5410
5415
5416
5417
5415
5416
5433
5415
5417
5416
5417
5434
5436
5422
5423
5424
5425
5422
5423
5422
5424
5423
5424
5427
5429
5431
5429
5430
5431
5429
5430
5440
5429
5431
5430
5431
5441
5443
5436
5437
5438
5436
5437
5436
5438
5437
5438
5443
5444
5445
5446
5443
5444
5443
5445
5444
5445
5448
5450
5452
5450
5451
5452
5450
5451
5450
5452
5451
5452
5457
5458
5459
5457
5458
5457
5459
5458
5459
5464
5465
5466
5464
5465
5464
5466
5465
5466
5471
5472
5473
5471
5472
5475
5471
5473
5472
5473
5477
5479
5478
5479
5480
5478
5479
5478
5480
5479
5480
5485
5486
5487
5485
5486
5485
5487
5486
5487
5490
5493
5490
5494
5491
5493
5494
5493
5494
5499
5500
5501
5499
5500
5499
5501
5657
5500
5501
5658
5660
5506
5507
5508
5506
5507
5506
5508
5507
5508
5513
5514
5515
5513
5514
5513
5515
5685
5514
5515
5686
5688
5520
5522
5520
5521
5522
5520
5521
5521
5522
5527
5528
5529
5527
5528
5527
5529
5699
5528
5529
5700
5702
5534
5535
5534
5535
5536
5534
5536
5535
5536
5541
5542
5543
5541
5542
5541
5543
5706
5542
5543
5707
5709
5548
5549
5550
5548
5549
5580
5548
5550
5720
5549
5550
5581
5721
5583
5723
5555
5556
5557
5558
5555
5556
5972
5555
5557
5559
5556
5557
5973
5562
5976
5563
5562
5563
5564
5565
5562
5563
5562
5564
5563
5564
5566
5569
5570
5569
5570
5571
5569
5570
5587
5569
5571
5727
5570
5571
5588
5728
5590
5730
5576
5577
5578
5576
5577
5576
5578
5577
5578
5583
5584
5585
5583
5584
5583
5585
5584
5585
5590
5591
5592
5590
5591
5590
5592
5762
5591
5592
5763
5765
5597
5598
5599
5597
5598
5597
5599
5776
5598
5599
5777
5779
5604
5605
5606
5604
5605
5608
5604
5606
5605
5606
5609
5611
5611
5612
5613
5611
5612
5611
5613
5612
5613
5618
5619
5620
5618
5619
5618
5620
5619
5620
5625
5626
5627
5625
5626
5625
5627
5790
5626
5627
5791
5793
5632
5633
5634
5632
5633
5632
5634
5633
5634
5637
5640
5642
5637
5641
5638
5644
5640
5641
5645
5640
5641
5647
5644
5647
5644
5648
5645
5647
5648
5647
5648
5653
5654
5655
5653
5654
5653
5655
5811
5654
5655
5812
5814
5660
5661
5662
5660
5661
5660
5662
5661
5662
5665
5668
5665
5669
5671
5666
5672
5668
5669
5673
5668
5669
5676
5672
5675
5672
5676
5673
5675
5676
5677
5675
5676
5679
5681
5683
5681
5682
5683
5681
5682
5681
5683
5682
5683
5688
5689
5690
5688
5689
5688
5690
5689
5690
5695
5696
5697
5695
5696
5695
5697
5696
5697
5702
5703
5704
5702
5703
5702
5704
5703
5704
5709
5710
5711
5709
5710
5709
5711
5710
5711
5716
5717
5718
5716
5717
5716
5718
5717
5718
5723
5724
5725
5723
5724
5723
5725
5724
5725
5730
5731
5732
5740
5730
5731
5730
5732
5762
5731
5732
5741
5764
5744
5745
5766
5737
5738
5739
5740
5737
5738
6006
5737
5739
6008
5738
5739
5742
6010
5744
5746
5744
5745
5746
5744
5745
5744
5746
5745
5746
5749
5752
5749
5753
5754
5750
5756
5752
5753
5757
5752
5753
5759
5756
5759
5756
5760
5768
5757
5759
5760
5759
5760
5772
5773
5765
5766
5767
5765
5766
5765
5767
5766
5767
5770
5773
5770
5774
5771
5773
5774
5773
5774
5779
5780
5781
5779
5780
5779
5781
5780
5781
5786
5787
5788
5786
5787
5786
5788
5787
5788
5793
5794
5795
5793
5794
5793
5795
5794
5795
5800
5801
5802
5800
5801
5800
5802
5801
5802
5807
5808
5809
5807
5808
5807
5809
5808
5809
5814
5815
5816
5814
5815
5814
5816
5815
5816
5819
5823
5819
5822
5820
5822
5823
5822
5823
5828
5829
5830
5828
5829
5828
5830
5829
5830
5835
5836
5837
5835
5836
5839
5835
5837
5836
5837
5841
5843
5842
5843
5844
5842
5843
5842
5844
5843
5844
5849
5850
5851
5849
5850
5849
5851
5850
5851
5856
5857
5858
5859
5856
5857
5856
5858
5860
5857
5858
5863
5864
5863
5864
5865
5863
5864
5863
5865
5874
5864
5865
5876
5878
5870
5871
5872
5870
5871
5870
5872
5871
5872
5877
5878
5879
5880
5877
5878
5877
5879
5881
5878
5879
5884
5885
5884
5885
5886
5884
5885
5884
5886
5895
5885
5886
5897
5899
5890
5892
5891
5892
5890
5891
5893
5893
5893
5898
5899
5900
5898
5899
5898
5900
5899
5900
5903
5906
5908
5903
5907
5904
5911
5906
5907
5913
5906
5907
5914
5911
5914
5912
5914
5911
5912
5913
5913
5914
5917
5920
5917
5921
5918
5920
5921
5920
5921
5926
5927
5928
5926
5927
5926
5928
5927
5928
5932
5934
5933
5934
5932
5933
5935
5935
5935
5940
5941
5942
5940
5941
5940
5942
5941
5942
5945
5948
5945
5949
5946
5948
5949
5948
5949
5954
5955
5956
5954
5955
5954
5956
5965
5955
5956
5967
5969
5961
5962
5963
5961
5962
5961
5963
5962
5963
5968
5969
5970
5968
5969
5968
5970
5969
5970
5974
5975
5974
5976
5975
5976
5977
5977
5977
5981
5982
5981
5983
5982
5983
5984
5984
5984
5988
5989
5988
5990
5989
5990
5991
5991
5991
5995
5996
5995
5997
5996
5997
5998
5998
5998
6002
6003
6002
6004
6003
6004
6005
6005
6005
6009
6010
6009
6011
6010
6011
6012
6012
6012
6016
6017
6016
6018
6017
6018
6019
6019
6019
6023
6024
6023
6025
6024
6025
6026
6026
6026
6029
6031
6029
6032
6033
6031
6032
6033
6033
6036
6038
6036
6039
6040
6038
6039
6040
6040
)


// ************************************************************************* //
