/*--------------------------------*- C++ -*----------------------------------*\
| =========                 |                                                 |
| \\      /  F ield         | OpenFOAM: The Open Source CFD Toolbox           |
|  \\    /   O peration     | Version:  v2012                                 |
|   \\  /    A nd           | Website:  www.openfoam.com                      |
|    \\/     M anipulation  |                                                 |
\*---------------------------------------------------------------------------*/
FoamFile
{
    version     2.0;
    format      ascii;
    class       labelList;
    location    "constant/ellipse/polyMesh";
    object      pointRegionAddressing;
}
// * * * * * * * * * * * * * * * * * * * * * * * * * * * * * * * * * * * * * //


8920
(
168590
168660
168661
168731
168732
168801
168802
168803
168872
168873
168874
168943
168944
168945
169014
169015
169085
169086
169156
173489
173490
173559
173560
173561
173630
173631
173632
173700
173701
173702
173703
173771
173772
173773
173774
173841
173842
173843
173844
173845
173912
173913
173914
173915
173916
173983
173984
173985
173986
173987
174054
174055
174056
174057
174125
174126
174127
174128
174196
174197
174198
174267
174268
174269
174338
174339
178460
178529
178530
178531
178600
178601
178602
178670
178671
178672
178673
178741
178742
178743
178744
178812
178813
178814
178815
178882
178883
178884
178885
178886
178953
178954
178955
178956
178957
179024
179025
179026
179027
179028
179095
179096
179097
179098
179166
179167
179168
179169
179237
179238
179239
179240
179308
179309
179310
179379
179380
179381
179450
183571
183572
183641
183642
183643
183711
183712
183713
183714
183782
183783
183784
183785
183853
183854
183855
183856
183923
183924
183925
183926
183927
183994
183995
183996
183997
183998
184065
184066
184067
184068
184069
184136
184137
184138
184139
184207
184208
184209
184210
184278
184279
184280
184349
184350
184351
184420
184421
188754
188824
188825
188895
188896
188965
188966
188967
189036
189037
189038
189107
189108
189109
189178
189179
189249
189250
189320
357918
357919
357920
357921
357967
357970
357971
357972
357973
357974
357975
357976
357977
357978
357979
357980
357981
357982
357983
357984
357990
357991
357992
357993
357995
357996
357997
358001
358002
358004
358006
358007
358008
358009
358010
358011
358012
358013
358014
358018
358020
358021
358025
358026
358028
358030
358031
358033
358034
358036
358038
358041
358042
358044
358045
358047
358049
358052
358053
358055
358056
358059
358061
358062
358064
358066
358107
358111
358114
358118
358121
358125
358128
358130
358132
358133
358134
358135
358136
358137
358138
358139
358140
358141
358142
358143
358144
358145
358146
358147
358148
358151
358152
358153
358154
358155
358156
358157
358158
358159
358200
358201
358202
358203
358204
358205
358206
358208
358212
358215
358216
358219
358221
358222
358223
358224
358225
358226
358227
358228
358229
358232
358234
358235
358238
358243
358244
358245
358246
358247
358248
358249
358250
358251
358252
358253
358254
358255
358256
358257
358258
358259
358260
358261
358262
358263
358264
358265
358267
358268
358269
358270
358273
358274
358299
358301
358303
358304
358306
358307
358308
358309
358311
358312
358313
358315
358316
358317
358318
358319
358320
358321
358322
358323
358324
358325
358326
358328
358329
358330
358331
358332
358333
358334
358335
358336
358337
358338
358339
358340
358341
358342
358343
358344
358345
358346
358347
358348
358363
358367
358368
358369
358370
358371
358372
358373
358374
358375
358376
358377
358378
358379
358380
358381
358382
358383
358384
358385
358386
358390
358392
358411
358412
358416
358417
358418
358421
358422
358423
358425
358428
358434
358435
358436
358441
358442
358455
358457
358458
358459
358460
358461
358462
358463
358464
358465
358466
358467
358468
358469
358470
358471
358472
358473
358474
358475
358476
358477
358478
358479
358480
358481
358482
358483
358484
358485
358486
358487
358488
358489
358490
358491
358492
358493
358494
358495
358496
358497
358498
358499
358500
358503
358510
358511
358513
358516
358517
358518
358519
358520
358521
358522
358523
358524
358525
358528
358529
358530
358531
358532
358533
358534
358535
358536
358538
358539
358540
358541
358542
358543
358544
358545
358546
358547
358548
358550
358551
358552
358553
358554
358555
358557
358580
358584
358589
358592
358596
358597
358598
358599
358600
358601
358602
358603
358604
358605
358606
358607
358608
358609
358610
358611
358612
358613
358614
358618
358622
358630
358635
358642
358647
358670
358672
358673
358675
358676
358677
358678
358680
358681
358682
358683
358684
358685
358686
358687
358688
358689
358690
358691
358692
358693
358694
358695
358696
358697
358698
358699
358700
358704
358706
358708
358709
358710
358711
358712
358713
358714
358715
358716
358717
358718
358719
358720
358721
358722
358723
358724
358725
358726
358727
358728
358729
358730
358731
358732
358733
358734
358735
358737
358739
358740
358741
358742
358743
358744
358745
358746
358747
358748
358749
358750
358755
358756
358760
358761
358762
358763
358764
358765
358768
358769
358770
358771
358772
358777
358778
358780
358781
358782
358783
358784
358785
358790
358791
358792
358793
358798
358800
358801
358802
358803
358804
358817
358822
358827
358828
358829
358834
358835
358844
358845
358846
358847
358848
358849
358850
358851
358852
358853
358854
358855
358856
358857
358858
358859
358860
358861
358862
358863
358864
358865
358866
358867
358868
358869
358870
358871
358872
358873
358874
358875
358876
358877
358878
358879
358880
358881
358882
358883
358884
358894
358895
358899
358900
358901
358903
358904
358906
358908
358909
358910
358914
358917
358918
358923
358924
358929
358931
358934
358935
358937
358938
358939
358940
358942
358944
358945
358946
358947
358948
358949
358950
358951
358952
358953
358954
358955
358959
358960
358964
358969
358970
358971
358972
358973
358974
358975
358976
358977
358978
358979
358980
358981
358982
358983
358984
358985
358986
358987
358988
358989
358990
358991
358992
358993
358994
358995
358996
358997
358998
358999
359000
359001
359002
359003
359004
359005
359006
359007
359008
359009
359010
359011
359012
359013
359014
359015
359016
359017
359018
359019
359020
359025
359026
359027
359031
359032
359033
359034
359035
359036
359041
359042
359043
359044
359045
359047
359048
359049
359051
359052
359053
359054
359059
359060
359062
359066
359067
359068
359079
359080
359084
359085
359086
359087
359088
359092
359093
359094
359095
359096
359100
359101
359102
359103
359104
359105
359107
359108
359109
359110
359112
359113
359114
359115
359116
359117
359118
359119
359120
359121
359122
359123
359124
359125
359126
359127
359128
359129
359130
359131
359132
359133
359134
359137
359138
359140
359142
359143
359144
359146
359151
359153
359155
359158
359159
359160
359166
359167
359169
359201
359204
359205
359207
359208
359209
359212
359213
359214
359216
359217
359218
359221
359222
359223
359226
359227
359228
359229
359232
359233
359234
359235
359237
359238
359239
359242
359243
359244
359247
359248
359251
359252
359261
359262
359263
359266
359267
359270
359271
359272
359275
359276
359277
359280
359281
359282
359285
359286
359287
359288
359289
359290
359293
359294
359297
359298
359301
359302
359305
359306
359309
359310
359311
359315
359316
359323
359326
359327
359328
359331
359332
359335
359336
359339
359340
359343
359344
359347
359348
359349
359350
359351
359352
359355
359356
359357
359360
359361
359364
359365
359368
359369
359372
359373
359374
359378
359386
359387
359390
359391
359394
359395
359396
359399
359400
359401
359403
359404
359405
359408
359409
359412
359413
359416
359417
359418
359420
359421
359424
359425
359426
359429
359430
359433
359448
359449
359452
359453
359455
359458
359475
359479
359480
359481
359482
359483
359485
359486
359487
359488
359489
359490
359491
359492
359493
359494
359495
359496
359497
359498
359500
359501
359503
359504
359507
359508
359509
359524
359525
359526
359527
359530
359531
359532
359533
359534
359535
359536
359537
359538
359539
359540
359541
359542
359543
359544
359545
359546
359547
359548
359549
359550
359554
359555
359556
359557
359558
359560
359561
359563
359565
359566
359569
359570
359571
359576
359577
359578
359581
359582
359584
359586
359587
359589
359590
359591
359592
359595
359596
359597
359598
359599
359600
359601
359602
359603
359604
359605
359606
359607
359608
359609
359610
359611
359612
359613
359614
359615
359616
359617
359619
359625
359761
359764
359773
359775
359776
359778
359780
359792
359793
359794
359795
359796
359798
359810
359811
359812
359813
359814
359815
359816
359818
359821
359832
359833
359834
359835
359836
359837
359838
359841
359850
359852
359853
359854
359855
359856
359857
359858
359859
359860
359861
359862
359863
359864
359865
359868
359874
359876
359877
359878
359879
359880
359881
359882
359883
359884
359886
359887
359889
359890
359898
359900
359901
359902
359903
359904
359905
359906
359909
359915
359917
359918
359919
359920
359921
359922
359923
359926
359932
359934
359935
359937
359940
359950
359953
359956
359994
359998
359999
360000
360001
360002
360003
360004
360005
360006
360007
360009
360023
360024
360025
360026
360027
360028
360029
360030
360031
360040
360041
360042
360043
360044
360045
360046
360047
360048
360049
360050
360051
360063
360064
360065
360066
360067
360068
360069
360070
360071
360072
360073
360074
360075
360076
360077
360086
360089
360090
360091
360092
360093
360094
360095
360096
360097
360098
360107
360108
360109
360110
360111
360112
360113
360114
360115
360116
360118
360119
360127
360128
360129
360130
360131
360132
360133
360134
360135
360137
360138
360144
360147
360148
360149
360150
360151
360152
360153
360154
360155
360156
360157
360160
360166
360169
360170
360171
360172
360173
360174
360175
360176
360177
360178
360187
360190
360191
360192
360193
360194
360195
360196
360197
360199
360200
360208
360211
360212
360213
360214
360215
360216
360217
360218
360221
360227
360230
360231
360232
360233
360234
360235
360237
360238
360249
360250
360251
360252
360253
360254
360255
360256
360299
360300
360302
360303
360304
360305
360306
360307
360308
360309
360310
360311
360312
360313
360325
360328
360329
360330
360331
360332
360333
360334
360335
360344
360345
360346
360347
360348
360349
360350
360351
360352
360353
360362
360365
360366
360367
360368
360369
360370
360371
360372
360373
360382
360383
360385
360386
360387
360388
360389
360390
360391
360400
360401
360402
360403
360404
360405
360406
360407
360408
360409
360410
360411
360419
360420
360421
360422
360423
360424
360425
360426
360428
360429
360435
360438
360439
360440
360441
360442
360443
360444
360445
360447
360448
360454
360457
360458
360459
360460
360461
360462
360463
360472
360475
360476
360477
360478
360479
360480
360481
360482
360490
360493
360494
360495
360496
360497
360500
360506
360509
360510
360511
360512
360513
360514
360515
360516
360517
360529
360530
360531
360532
360533
360534
360535
360536
360538
360539
360541
360579
360584
360586
360587
360588
360589
360590
360592
360593
360594
360595
360608
360609
360610
360611
360612
360613
360614
360615
360616
360624
360625
360627
360628
360629
360630
360631
360632
360633
360634
360635
360645
360646
360647
360648
360649
360650
360651
360652
360653
360654
360655
360656
360663
360666
360667
360668
360669
360670
360671
360672
360680
360681
360683
360685
360686
360693
360694
360695
360696
360698
360699
360707
360708
360709
360710
360711
360712
360720
360723
360724
360725
360726
360727
360728
360729
360730
360737
360740
360741
360742
360743
360744
360745
360747
360748
360754
360757
360758
360759
360760
360761
360762
360763
360764
360765
360773
360776
360777
360778
360779
360780
360781
360783
360795
360796
360797
360800
360801
360802
360803
360857
360858
360860
360861
360869
360872
360873
360875
360876
360885
360886
360888
360889
360890
360891
360892
360893
360894
360895
360896
360898
360908
360909
360911
360912
360913
360926
360927
360928
360929
360930
360931
360932
360933
360934
360949
360951
360952
360954
360955
360965
360967
360968
360969
360970
360971
360972
360973
360976
360977
360988
360989
360990
360992
360993
360995
360996
360997
360999
361009
361121
361122
361123
361124
361125
361126
361127
361170
361171
361173
361174
361175
361176
361178
361179
361182
361183
361184
361185
361186
361187
361189
361190
361191
361192
361193
361194
361196
361197
361198
361199
361200
361201
361202
361203
361204
361205
361206
361212
361217
361218
361219
361220
361221
361222
361223
361224
361225
361226
361227
361228
361229
361231
361232
361233
361234
361235
361237
361238
361239
361247
361250
361253
361254
361255
361256
361257
361258
361259
361260
361261
361262
361263
361264
361265
361266
361274
361275
361277
361278
361280
361281
361282
361283
361284
361287
361292
361293
361294
361295
361299
361300
361304
361305
361306
361308
361312
361313
361315
361317
361320
361321
361324
361325
361326
361328
361333
361336
361337
361338
361339
361340
361341
361345
361346
361350
361351
361352
361353
361354
361355
361360
361362
361377
361378
361380
361381
361383
361385
361388
361389
361390
361391
361394
361395
361396
361397
361399
361400
361401
361402
361403
361404
361405
361406
361431
361435
361436
361437
361438
361439
361440
361441
361442
361443
361444
361445
361446
361447
361448
361449
361450
361451
361452
361453
361454
361455
361456
361457
361458
361459
361466
361467
361474
361479
361482
361489
361492
361497
361500
361504
361505
361512
361513
361514
361515
361516
361517
361518
361519
361520
361521
361522
361523
361524
361525
361526
361527
361528
361529
361530
361531
361532
361533
361534
361535
361536
361537
361538
361549
361577
361578
361581
361582
361585
361586
361587
361588
361589
361590
361592
361593
361594
361595
361596
361599
361600
361601
361602
361603
361604
361605
361607
361608
361609
361610
361613
361614
361615
361617
361618
361619
361620
361621
361622
361623
361625
361626
361627
361628
361629
361635
361637
361642
361643
361644
361645
361646
361647
361648
361649
361650
361651
361652
361653
361654
361655
361656
361657
361658
361659
361660
361662
361668
361671
361693
361694
361695
361697
361698
361699
361700
361703
361704
361705
361711
361712
361713
361717
361737
361738
361739
361741
361742
361743
361744
361745
361746
361747
361748
361749
361750
361751
361752
361753
361754
361755
361756
361757
361758
361759
361760
361761
361762
361763
361764
361765
361766
361767
361768
361769
361770
361771
361772
361773
361774
361775
361776
361777
361778
361779
361780
361781
361782
361783
361788
361792
361794
361798
361800
361804
361805
361812
361816
361820
361824
361925
361929
361930
361931
361939
361942
361944
361945
361947
361948
361956
361963
361966
361969
361971
361972
361978
361981
361984
361990
361993
362022
362032
362033
362034
362036
362037
362038
362039
362046
362047
362048
362049
362050
362051
362052
362053
362054
362055
362056
362059
362064
362065
362066
362067
362068
362069
362070
362071
362072
362073
362074
362075
362076
362077
362078
362079
362080
362082
362084
362085
362088
362094
362095
362096
362097
362099
362100
362101
362102
362103
362104
362105
362106
362107
362108
362109
362110
362112
362113
362114
362115
362118
362123
362124
362125
362126
362127
362128
362129
362130
362131
362132
362133
362134
362135
362136
362137
362138
362139
362140
362141
362145
362151
362152
362153
362154
362155
362156
362157
362158
362159
362160
362161
362162
362163
362164
362165
362170
362173
362174
362175
362176
362177
362178
362179
362180
362181
362182
362183
362184
362185
362186
362187
362189
362190
362196
362198
362199
362200
362201
362202
362203
362204
362205
362206
362207
362210
362214
362216
362217
362218
362219
362220
362221
362222
362223
362224
362225
362228
362232
362234
362235
362236
362237
362238
362239
362240
362242
362243
362249
362251
362252
362253
362254
362255
362256
362257
362260
362266
362267
362269
362272
362282
362283
362288
362322
362323
362325
362326
362327
362328
362329
362330
362331
362332
362333
362334
362335
362336
362338
362339
362340
362342
362351
362352
362353
362354
362355
362357
362358
362364
362365
362367
362368
362369
362370
362371
362372
362373
362374
362375
362377
362378
362386
362387
362388
362389
362390
362391
362392
362393
362394
362395
362397
362398
362403
362406
362407
362408
362409
362410
362411
362412
362413
362414
362415
362417
362418
362423
362426
362427
362428
362429
362430
362431
362432
362435
362438
362439
362440
362441
362442
362443
362444
362445
362446
362447
362455
362456
362457
362458
362459
362460
362461
362462
362470
362471
362472
362473
362474
362476
362477
362485
362486
362487
362488
362489
362490
362491
362499
362500
362501
362502
362503
362504
362506
362507
362515
362517
362518
362520
362521
362522
362523
362524
362525
362526
362527
362528
362529
362530
362542
362543
362544
362545
362546
362547
362548
362549
362589
362591
362600
362601
362603
362604
362605
362606
362607
362608
362609
362610
362611
362612
362613
362614
362616
362617
362618
362620
362629
362630
362631
362632
362633
362634
362636
362637
362643
362644
362646
362647
362648
362649
362650
362651
362653
362654
362662
362663
362664
362665
362666
362667
362668
362670
362671
362676
362679
362680
362681
362682
362683
362684
362685
362687
362688
362693
362696
362697
362698
362699
362700
362701
362702
362708
362709
362711
362712
362713
362714
362715
362716
362717
362718
362726
362727
362728
362729
362730
362731
362732
362733
362734
362735
362736
362737
362745
362746
362747
362748
362749
362750
362751
362753
362754
362762
362763
362764
362765
362766
362767
362768
362769
362770
362778
362779
362780
362781
362782
362783
362784
362785
362787
362788
362796
362799
362801
362802
362803
362804
362805
362806
362807
362808
362809
362810
362811
362821
362824
362825
362826
362827
362828
362829
362830
362859
362865
362866
362874
362875
362878
362885
362886
362888
362889
362891
362892
362901
362902
362904
362905
362906
362907
362908
362909
362914
362917
362918
362919
362920
362921
362922
362923
362924
362925
362931
362932
362934
362935
362936
362937
362938
362939
362940
362941
362942
362943
362944
362945
362953
362955
362956
362957
362958
362959
362960
362961
362962
362963
362965
362971
362974
362977
362978
362979
362981
362983
362984
362989
362992
362993
362994
362995
362996
362997
362998
362999
363000
363001
363002
363003
363004
363005
363006
363011
363014
363016
363017
363018
363019
363020
363022
363023
363024
363025
363026
363027
363032
363035
363036
363037
363038
363039
363040
363041
363042
363044
363050
363053
363054
363056
363057
363066
363081
363082
363088
363115
363117
363119
363122
363131
363134
363136
363137
363138
363140
363150
363152
363154
363155
363156
363168
363170
363174
363184
363185
363204
363206
363246
363247
363252
363254
363256
363257
363260
363261
363267
363268
363269
363270
363273
363274
363275
363276
363277
363280
363281
363282
363283
363284
363285
363286
363287
363288
363289
363290
363291
363292
363293
363295
363296
363297
363298
363299
363300
363301
363302
363304
363305
363307
363308
363309
363310
363311
363312
363313
363314
363315
363316
363317
363323
363328
363330
363331
363332
363335
363338
363340
363342
363343
363349
363350
363351
363352
363354
363355
363357
363360
363390
363391
363392
363393
363399
363400
363401
363402
363403
363404
363405
363406
363407
363408
363409
363410
363411
363412
363413
363414
363415
363416
363417
363418
363419
363420
363421
363422
363423
363424
363425
363426
363427
363428
363429
363430
363431
363432
363433
363434
363435
363436
363437
363438
363439
363440
363441
363442
363450
363452
363453
363454
363457
363458
363459
363460
363461
363464
363467
363469
363470
363472
363473
363475
363477
363478
363480
363482
363485
363486
363488
363490
363500
363501
363502
363503
363504
363507
363508
363510
363511
363513
363516
363517
363527
363528
363532
363533
363534
363535
363536
363537
363538
363539
363540
363541
363542
363543
363544
363545
363546
363547
363548
363549
363550
363551
363552
363553
363554
363555
363556
363557
363558
363559
363560
363561
363562
363563
363564
363565
363566
363567
363568
363569
363570
363571
363572
363573
363574
363575
363576
363577
363578
363579
363580
363581
363582
363584
363627
363630
363634
363638
363642
363643
363644
363645
363647
363648
363649
363652
363653
363654
363658
363659
363660
363662
363663
363670
363671
363672
363674
363675
363676
363678
363679
363680
363682
363683
363684
363685
363686
363688
363689
363693
363696
363697
363699
363700
363701
363702
363703
363704
363705
363707
363708
363709
363710
363712
363715
363716
363717
363718
363719
363722
363723
363724
363726
363727
363728
363729
363730
363731
363732
363734
363735
363739
363742
363744
363745
363746
363747
363748
363749
363750
363752
363753
363754
363756
363757
363761
363764
363765
363766
363768
363769
363772
363773
363777
363779
363780
363782
363786
363793
363794
363796
363797
363809
363839
363840
363841
363842
363846
363848
363851
363852
363853
363854
363855
363856
363857
363860
363863
363864
363865
363866
363867
363883
363884
363885
363888
363889
363890
363891
363893
363895
363897
363898
363899
363900
363901
363902
363903
363905
363906
363907
363908
363909
363911
363912
363914
363916
363917
363918
363919
363920
363921
363922
363923
363924
363926
363928
363931
363933
363934
363935
363936
363938
363940
363942
363943
363945
363946
363947
363948
363949
363950
363951
363953
363955
363958
363959
363960
363961
363962
363963
363964
363965
363966
363967
363968
363971
363972
363973
363974
363975
363976
363977
363978
363979
363980
363981
363983
363984
363989
363991
363992
363993
363994
363995
363996
363997
363998
363999
364000
364001
364002
364003
364008
364010
364011
364012
364013
364014
364015
364016
364017
364018
364019
364020
364021
364023
364027
364029
364030
364031
364032
364033
364034
364035
364037
364038
364039
364040
364045
364047
364048
364049
364050
364051
364052
364053
364054
364055
364056
364057
364058
364059
364060
364062
364063
364068
364069
364070
364071
364072
364073
364074
364076
364077
364079
364082
364083
364084
364085
364086
364088
364090
364092
364093
364095
364096
364097
364098
364099
364100
364101
364102
364103
364104
364105
364106
364107
364109
364110
364112
364113
364114
364115
364116
364117
364118
364119
364120
364121
364122
364123
364124
364126
364127
364128
364129
364130
364132
364133
364134
364135
364139
364140
364141
364142
364144
364146
364147
364148
364151
364152
364154
364155
364156
364158
364160
364162
364164
364166
364168
364170
364171
364172
364173
364175
364177
364178
364180
364182
364183
364184
364185
364186
364187
364188
364189
364193
364194
364195
364196
364197
364198
364199
364200
364202
364203
364204
364207
364208
364209
364210
364211
364212
364213
364214
364215
364217
364219
364220
364221
364222
364223
364224
364225
364226
364227
364228
364230
364231
364232
364234
364236
364237
364238
364239
364240
364241
364242
364243
364244
364246
364251
364253
364254
364255
364256
364257
364258
364259
364260
364262
364265
364266
364268
364269
364270
364271
364272
364273
364274
364275
364276
364278
364280
364282
364283
364284
364285
364286
364287
364288
364289
364290
364291
364292
364293
364294
364296
364297
364298
364299
364300
364301
364302
364303
364304
364305
364309
364310
364311
364312
364313
364314
364316
364318
364320
364322
364324
364325
364326
364328
364330
364332
364334
364336
364338
364340
364341
364342
364343
364345
364346
364348
364349
364350
364352
364354
364355
364356
364357
364358
364359
364362
364363
364364
364366
364367
364368
364369
364370
364372
364373
364374
364376
364377
364378
364379
364380
364381
364382
364383
364384
364385
364388
364390
364391
364392
364393
364394
364395
364396
364397
364398
364399
364400
364401
364402
364404
364406
364408
364410
364411
364412
364413
364414
364415
364416
364419
364421
364422
364423
364424
364425
364428
364429
364430
364433
364435
364436
364438
364440
364441
364442
364443
364444
364445
364446
364447
364448
364449
364450
364451
364453
364458
364459
364460
364461
364462
364463
364464
364465
364466
364467
364468
364469
364470
364472
364476
364478
364480
364481
364482
364483
364484
364485
364486
364487
364488
364489
364490
364491
364493
364497
364498
364499
364500
364501
364502
364503
364504
364505
364506
364507
364508
364509
364511
364516
364518
364519
364520
364521
364522
364523
364524
364525
364526
364529
364530
364531
364532
364533
364534
364537
364538
364541
364542
364543
364544
364545
364547
364548
364549
364551
364554
364555
364556
364557
364558
364559
364560
364561
364562
364564
364566
364568
364571
364572
364573
364574
364575
364576
364577
364578
364579
364580
364581
364582
364583
364585
364586
364587
364589
364590
364591
364592
364594
364595
364596
364597
364598
364599
364600
364603
364605
364607
364608
364609
364612
364613
364627
364628
364629
364630
364632
364744
364753
364760
364770
364771
364772
364785
364786
364787
364788
364789
364790
364791
364792
364793
364794
364795
364796
364797
364808
364810
364811
364812
364813
364814
364815
364816
364817
364818
364819
364820
364821
364822
364824
364825
364828
364838
364840
364841
364842
364843
364844
364845
364846
364848
364849
364850
364851
364852
364867
364869
364870
364871
364872
364873
364875
364876
364879
364892
364912
364913
364918
364919
364920
364921
364922
364923
364924
364925
364926
364927
364928
364929
364930
364931
364932
364933
364934
364945
364946
364947
364948
364949
364950
364951
364952
364953
364954
364955
364956
364965
364966
364967
364968
364969
364970
364971
364972
364973
364984
364985
364986
364987
364988
364989
364990
364991
365003
365004
365005
365006
365007
365008
365009
365010
365011
365012
365024
365025
365026
365027
365028
365029
365030
365031
365032
365033
365034
365035
365046
365047
365048
365049
365050
365051
365052
365053
365054
365055
365057
365058
365061
365069
365070
365071
365072
365073
365074
365075
365076
365077
365078
365079
365080
365083
365091
365092
365093
365094
365095
365096
365097
365098
365099
365100
365101
365102
365112
365113
365114
365115
365116
365117
365118
365119
365120
365121
365122
365123
365124
365126
365127
365130
365138
365139
365140
365141
365142
365143
365144
365145
365146
365147
365148
365149
365150
365151
365152
365153
365154
365160
365161
365162
365163
365174
365175
365182
365183
365184
365185
365186
365187
365188
365189
365190
365191
365192
365195
365202
365203
365205
365206
365207
365208
365209
365210
365211
365212
365213
365214
365217
365226
365227
365228
365229
365230
365231
365232
365233
365234
365235
365236
365237
365238
365241
365247
365248
365250
365251
365252
365253
365254
365255
365256
365257
365258
365259
365260
365261
365262
365265
365271
365272
365274
365275
365276
365277
365278
365279
365280
365281
365282
365297
365298
365299
365300
365301
365302
365303
365304
365305
365306
365320
365321
365322
365323
365324
365325
365326
365327
365328
365329
365330
365332
365333
365338
365341
365342
365343
365344
365345
365346
365347
365348
365349
365350
365351
365352
365353
365355
365356
365363
365366
365367
365368
365369
365370
365371
365372
365373
365374
365375
365376
365377
365386
365389
365390
365391
365392
365393
365394
365395
365396
365397
365398
365399
365400
365402
365403
365408
365411
365412
365413
365414
365415
365416
365417
365418
365419
365420
365428
365429
365440
365441
365442
365443
365449
365450
365451
365452
365453
365454
365455
365456
365457
365458
365459
365460
365461
365462
365463
365464
365465
365474
365477
365478
365480
365481
365482
365483
365484
365485
365486
365487
365488
365489
365490
365491
365502
365503
365504
365505
365506
365507
365508
365509
365510
365511
365512
365522
365525
365526
365527
365528
365529
365530
365531
365532
365533
365534
365543
365544
365546
365547
365549
365550
365551
365552
365553
365554
365555
365556
365557
365569
365570
365571
365572
365573
365574
365575
365576
365577
365587
365588
365589
365590
365591
365592
365593
365594
365605
365606
365607
365608
365609
365610
365611
365612
365625
365626
365627
365628
365629
365630
365631
365632
365633
365634
365635
365647
365648
365649
365650
365651
365652
365653
365654
365655
365656
365657
365658
365659
365660
365661
365671
365672
365673
365674
365675
365676
365677
365678
365679
365680
365681
365682
365683
365684
365685
365686
365687
365694
365696
365697
365720
365733
365736
365737
365739
365740
365741
365742
365743
365745
365761
365762
365763
365764
365765
365767
365768
365769
365770
365771
365772
365773
365775
365784
365787
365788
365789
365790
365798
365799
365800
365807
365815
365822
365825
365826
365827
365842
365843
365844
365845
365848
365915
365916
365917
365918
365919
365920
365921
365922
365923
365925
365927
365928
365929
365930
365931
365934
365935
365936
365937
365940
365941
365944
365947
365950
365951
365962
365964
365981
365982
365984
365985
365986
365988
365991
365992
365994
365995
365996
365997
365998
366000
366001
366002
366003
366004
366005
366006
366007
366008
366009
366010
366011
366012
366013
366014
366018
366020
366024
366025
366026
366027
366028
366029
366030
366031
366036
366037
366041
366043
366044
366046
366048
366049
366053
366057
366058
366059
366060
366061
366062
366063
366064
366065
366066
366067
366068
366069
366070
366071
366074
366075
366076
366078
366079
366080
366081
366082
366083
366084
366085
366086
366087
366090
366094
366095
366096
366099
366100
366101
366104
366106
366108
366110
366112
366113
366115
366116
366119
366120
366122
366126
366130
366131
366132
366133
366134
366135
366136
366137
366138
366139
366140
366141
366143
366144
366145
366146
366147
366149
366150
366151
366153
366154
366155
366156
366157
366158
366159
366160
366161
366162
366164
366165
366166
366167
366168
366169
366170
366171
366172
366173
366196
366210
366214
366224
366253
366254
366255
366257
366259
366260
366268
366270
366271
366272
366273
366274
366275
366276
366277
366278
366279
366280
366281
366288
366289
366290
366291
366292
366293
366294
366295
366298
366301
366307
366308
366309
366312
366315
366317
366319
366320
366321
366322
366323
366324
366327
366335
366336
366337
366338
366339
366340
366341
366342
366343
366344
366353
366354
366355
366356
366357
366358
366359
366360
366361
366362
366363
366364
366365
366366
366367
366368
366369
366377
366380
366381
366382
366383
366384
366385
366386
366387
366388
366389
366390
366391
366392
366393
366395
366396
366398
366399
366403
366405
366406
366407
366408
366409
366410
366411
366412
366413
366414
366415
366416
366417
366418
366419
366420
366421
366424
366431
366433
366434
366435
366436
366437
366438
366439
366440
366441
366442
366443
366444
366445
366446
366447
366448
366449
366456
366458
366459
366460
366461
366462
366463
366464
366465
366466
366467
366468
366469
366470
366472
366473
366476
366482
366483
366484
366485
366486
366488
366489
366492
366501
366504
366505
366506
366507
366508
366509
366510
366511
366512
366513
366515
366516
366520
366521
366522
366523
366524
366525
366526
366527
366528
366529
366530
366531
366535
366538
366539
366540
366541
366542
366543
366544
366545
366546
366547
366548
366549
366550
366552
366553
366554
366555
366556
366557
366558
366559
366560
366566
366567
366568
366569
366570
366571
366572
366573
366574
366576
366577
366581
366584
366585
366586
366587
366588
366590
366591
366594
366595
366596
366598
366599
366600
366601
366602
366603
366604
366605
366608
366612
366613
366615
366616
366617
366618
366619
366620
366621
366622
366623
366632
366633
366634
366635
366636
366637
366638
366639
366640
366641
366642
366643
366647
366648
366649
366650
366651
366652
366653
366654
366655
366656
366657
366660
366664
366665
366666
366667
366668
366669
366670
366671
366672
366673
366674
366675
366679
366680
366681
366682
366683
366684
366685
366686
366687
366688
366690
366691
366698
366699
366701
366702
366703
366704
366705
366706
366707
366708
366709
366710
366714
366715
366716
366717
366718
366719
366720
366721
366722
366723
366724
366725
366733
366736
366737
366738
366739
366740
366741
366742
366743
366744
366745
366746
366747
366748
366750
366751
366752
366753
366754
366755
366756
366757
366758
366764
366765
366766
366767
366768
366769
366770
366771
366772
366774
366775
366779
366782
366783
366784
366785
366786
366787
366788
366789
366793
366794
366796
366797
366798
366799
366800
366801
366802
366803
366806
366810
366811
366813
366814
366815
366816
366817
366818
366819
366820
366821
366827
366828
366829
366830
366831
366832
366833
366834
366835
366836
366837
366838
366839
366840
366841
366842
366843
366844
366845
366846
366847
366848
366849
366852
366856
366857
366858
366859
366860
366861
366862
366863
366864
366865
366866
366867
366871
366872
366874
366875
366876
366877
366878
366879
366880
366881
366882
366883
366886
366895
366898
366899
366901
366902
366903
366904
366905
366911
366914
366915
366917
366918
366919
366920
366921
366922
366923
366924
366925
366926
366927
366928
366929
366931
366938
366939
366940
366941
366942
366943
366944
366945
366946
366947
366948
366949
366950
366951
366952
366953
366954
366956
366963
366966
366967
366968
366969
366970
366971
366972
366973
366974
366975
366976
366977
366978
366979
366980
366981
366983
366987
366988
366990
366991
366993
366994
366995
366996
366997
366998
367001
367009
367010
367011
367012
367013
367014
367015
367016
367024
367025
367026
367027
367028
367037
367038
367039
367040
367041
367043
367045
367048
367051
367052
367053
367054
367055
367056
367057
367064
367067
367070
367071
367072
367073
367074
367075
367076
367077
367078
367079
367080
367081
367082
367083
367084
367085
367095
367096
367097
367098
367099
367100
367101
367102
367103
367104
367105
367106
367107
367109
367117
367118
367120
367123
367124
367125
367157
367250
367251
367258
367259
367260
367261
367262
367267
367269
367281
367282
367283
367284
367291
367292
367293
367294
367307
367308
367309
367310
367317
367322
367328
367329
367331
367334
367335
367340
367341
367342
367343
367344
367345
367347
367349
367352
367353
367359
367360
367361
367364
367365
367366
367368
367369
367370
367371
367372
367373
367374
367375
367376
367377
367378
367379
367380
367381
367382
367383
367384
367385
367386
367387
367391
367393
367395
367396
367397
367398
367399
367401
367411
367412
367413
367416
367417
367418
367419
367420
367421
367422
367423
367424
367425
367426
367427
367428
367429
367430
367431
367432
367433
367435
367436
367437
367438
367439
367440
367441
367442
367443
367444
367445
367452
367453
367454
367455
367456
367467
367468
367469
367473
367474
367475
367476
367477
367478
367479
367480
367481
367483
367484
367485
367486
367487
367488
367489
367491
367493
367495
367497
367498
367499
367500
367501
367504
367505
367515
367517
367521
367522
367523
367524
367526
367527
367528
367532
367533
367534
367535
367536
367543
367544
367545
367546
367556
367559
367561
367562
367569
367570
367571
367572
367573
367574
367583
367591
367592
367593
367594
367595
367596
367597
367598
367599
367600
367605
367606
367613
367614
367615
367616
367617
367618
367619
367620
367621
367622
367623
367624
367625
367626
367627
367628
367629
367630
367632
367633
367634
367635
367636
367637
367638
367639
367640
367641
367646
367650
367651
367652
367653
367654
367656
367657
367660
367661
367662
367663
367664
367665
367666
367667
367668
367669
367670
367671
367672
367673
367674
367675
367676
367677
367682
367687
367694
367695
367696
367697
367698
367699
367700
367701
367702
367703
367704
367705
367706
367707
367708
367709
367714
367716
367717
367718
367719
367722
367723
367726
367728
367729
367730
367732
367733
367734
367735
367736
367737
367738
367739
367740
367741
367746
367752
367753
367754
367755
367756
367758
367759
367760
367762
367763
367764
367765
367766
367768
367770
367771
367772
367773
367774
367775
367776
367777
367792
367793
367794
367795
367796
367797
367798
367799
367800
367801
367802
367803
367804
367805
367806
367807
367812
367813
367815
367816
367817
367818
367819
367825
367826
367833
367834
367835
367836
367837
367838
367839
367840
367841
367842
367843
367844
367845
367846
367847
367848
367849
367855
367858
367859
367861
367862
367863
367864
367865
367870
367872
367873
367874
367875
367876
367877
367878
367879
367880
367881
367882
367883
367884
367885
367886
367887
367888
367893
367896
367897
367898
367899
367905
367907
367908
367909
367910
367911
367912
367913
367914
367915
367916
367917
367918
367923
367924
367926
367927
367928
367929
367930
367934
367935
367936
367937
367942
367944
367945
367946
367947
367948
367949
367950
367951
367952
367953
367954
367955
367956
367957
367958
367959
367960
367961
367962
367963
367964
367965
367966
367967
367973
367974
367976
367978
367979
367980
367984
367986
367987
367988
367989
367990
367991
367992
367993
367994
367995
367996
367997
367998
367999
368000
368001
368002
368003
368005
368007
368009
368011
368012
368013
368014
368015
368027
368028
368029
368030
368031
368032
368033
368035
368037
368038
368039
368040
368043
368048
368049
368050
368051
368052
368053
368054
368055
368056
368057
368058
368059
368060
368061
368062
368063
368067
368071
368081
368082
368083
368084
368085
368086
368087
368088
368089
368091
368092
368093
368094
368095
368096
368097
368098
368099
368100
368101
368102
368103
368104
368108
368111
368114
368115
368116
368117
368119
368124
368125
368126
368127
368128
368129
368130
368131
368132
368133
368134
368135
368136
368137
368138
368139
368140
368142
368145
368150
368151
368152
368153
368154
368156
368157
368160
368162
368163
368164
368165
368166
368167
368168
368169
368170
368171
368172
368173
368174
368179
368188
368189
368190
368191
368192
368193
368194
368195
368196
368198
368199
368200
368201
368202
368203
368204
368205
368206
368207
368208
368209
368218
368226
368227
368228
368229
368230
368231
368232
368234
368237
368238
368239
368240
368241
368242
368243
368244
368251
368252
368253
368254
368261
368262
368263
368264
368265
368266
368267
368268
368269
368270
368275
368276
368278
368279
368280
368282
368283
368284
368285
368286
368289
368292
368294
368295
368296
368297
368298
368299
368300
368301
368302
368303
368304
368305
368306
368307
368308
368309
368314
368317
368323
368324
368325
368326
368329
368332
368334
368335
368336
368337
368338
368339
368340
368341
368343
368344
368345
368346
368347
368348
368349
368350
368351
368358
368359
368360
368361
368363
368366
368368
368369
368370
368371
368372
368373
368374
368375
368376
368377
368378
368379
368380
368381
368382
368388
368391
368392
368395
368396
368397
368398
368400
368403
368405
368406
368407
368408
368409
368410
368411
368412
368413
368414
368415
368416
368417
368418
368419
368420
368421
368422
368434
368436
368440
368441
368442
368443
368447
368448
368449
368450
368451
368458
368460
368463
368465
368466
368467
368468
368469
368470
368471
368472
368475
368476
368477
368478
368479
368480
368481
368482
368483
368484
368485
368486
368487
368488
368489
368491
368492
368493
368494
368495
368496
368498
368506
368507
368508
368509
368510
368512
368513
368517
368518
368519
368520
368521
368522
368523
368524
368525
368526
368527
368528
368529
368530
368531
368532
368533
368534
368535
368536
368537
368538
368539
368540
368541
368548
368550
368555
368556
368557
368558
368559
368560
368561
368562
368563
368565
368566
368567
368568
368569
368570
368571
368572
368573
368574
368575
368576
368577
368578
368579
368580
368581
368582
368583
368584
368585
368592
368593
368594
368595
368596
368598
368603
368604
368605
368606
368607
368608
368609
368610
368611
368612
368613
368614
368615
368616
368617
368618
368619
368620
368621
368632
368633
368634
368635
368636
368638
368639
368642
368644
368645
368646
368647
368648
368651
368652
368653
368654
368655
368656
368658
368667
368668
368669
368670
368675
368676
368678
368679
368680
368683
368685
368689
368690
368691
368692
368693
368694
368695
368701
368705
368708
368709
368710
368717
368718
368719
368720
368721
368722
368723
368724
368725
368726
368727
368728
368729
368730
368731
368738
368739
368740
368741
368748
368749
368750
368751
368752
368753
368754
368755
368756
368757
368758
368759
368760
368761
368766
368767
368769
368770
368771
368774
368775
368776
368777
368784
368785
368786
368787
368788
368789
368790
368791
368792
368793
368794
368795
368796
368797
368798
368799
368800
368801
368802
368803
368804
368805
368806
368807
368808
368809
368810
368811
368812
368813
368814
368815
368824
368825
368826
368830
368831
368832
368833
368834
368835
368836
368837
368839
368841
368842
368843
368844
368845
368846
368847
368848
368849
368850
368851
368852
368853
368854
368857
368858
368861
368862
368882
368885
368888
368891
368905
368906
368907
368909
368911
368915
368917
368919
368920
368921
368930
368936
368938
368940
368944
368945
368946
368947
368948
368949
368950
368951
368956
368957
368958
368960
368961
368962
368963
368971
368972
368984
368996
369006
369013
369017
369018
369019
369021
369022
369025
369026
369034
369041
369042
369045
369211
369212
369213
369216
369217
369218
369219
369231
369234
369238
369239
369240
369241
369244
369247
369255
369256
369257
369258
369261
369264
369276
369277
369278
369279
369280
369283
369286
369294
369296
369297
369298
369299
369300
369301
369309
369311
369312
369313
369314
369315
369316
369317
369318
369319
369320
369321
369322
369323
369324
369325
369334
369335
369336
369337
369338
369339
369340
369341
369342
369343
369344
369345
369346
369347
369348
369349
369350
369352
369353
369366
369367
369368
369369
369370
369371
369372
369373
369374
369375
369376
369377
369378
369379
369380
369381
369382
369383
369384
369385
369388
369398
369399
369400
369401
369402
369403
369404
369405
369406
369407
369408
369409
369410
369411
369412
369413
369414
369415
369426
369427
369428
369429
369430
369431
369432
369433
369434
369435
369436
369437
369438
369441
369449
369450
369454
369457
369458
369459
369471
369472
369473
369474
369475
369476
369477
369478
369479
369480
369481
369482
369483
369484
369485
369491
369492
369494
369495
369496
369497
369498
369499
369500
369501
369502
369503
369504
369505
369506
369507
369508
369509
369510
369511
369512
369513
369514
369515
369516
369522
369523
369524
369525
369526
369527
369528
369529
369530
369531
369532
369533
369534
369535
369536
369537
369538
369539
369540
369545
369548
369549
369550
369551
369552
369553
369554
369555
369556
369557
369558
369559
369560
369561
369564
369565
369567
369568
369569
369570
369571
369572
369573
369574
369575
369576
369577
369578
369579
369580
369581
369582
369589
369590
369591
369592
369593
369594
369595
369596
369597
369598
369599
369600
369619
369620
369621
369622
369623
369624
369625
369626
369628
369629
369637
369640
369641
369642
369643
369644
369645
369646
369647
369648
369649
369650
369651
369652
369653
369655
369662
369663
369664
369665
369666
369667
369668
369669
369670
369671
369672
369673
369674
369675
369676
369677
369678
369679
369680
369681
369682
369683
369686
369688
369689
369690
369691
369692
369693
369694
369695
369696
369697
369698
369699
369700
369701
369703
369704
369710
369712
369713
369714
369715
369716
369717
369718
369719
369720
369721
369722
369723
369724
369725
369726
369727
369728
369729
369730
369731
369732
369733
369734
369735
369736
369741
369743
369745
369746
369747
369748
369749
369750
369751
369752
369754
369755
369767
369768
369769
369770
369771
369772
369773
369774
369775
369776
369779
369782
369783
369784
369785
369786
369787
369788
369789
369790
369791
369792
369793
369794
369795
369796
369797
369798
369799
369800
369801
369802
369803
369815
369816
369817
369818
369819
369820
369821
369822
369823
369824
369825
369826
369827
369828
369829
369830
369831
369837
369838
369840
369841
369842
369843
369844
369845
369846
369847
369848
369849
369850
369851
369852
369853
369854
369855
369856
369857
369858
369862
369863
369864
369865
369866
369867
369868
369869
369870
369871
369872
369873
369874
369875
369876
369877
369878
369879
369880
369881
369889
369890
369891
369892
369893
369894
369895
369896
369897
369898
369899
369900
369916
369919
369920
369921
369922
369923
369925
369926
369934
369937
369938
369939
369940
369941
369944
369948
369949
369951
369952
369953
369954
369955
369956
369957
369958
369959
369960
369961
369962
369963
369964
369965
369966
369967
369968
369969
369970
369971
369974
369975
369977
369978
369979
369980
369981
369982
369983
369984
369985
369986
369987
369988
369989
369990
369992
369993
369998
369999
370001
370002
370003
370004
370005
370006
370007
370008
370009
370010
370011
370012
370013
370014
370015
370016
370017
370018
370019
370020
370021
370024
370028
370029
370031
370032
370033
370034
370035
370036
370037
370038
370039
370040
370054
370055
370057
370058
370060
370061
370063
370064
370065
370066
370067
370068
370069
370071
370073
370082
370083
370084
370085
370086
370087
370088
370089
370090
370091
370092
370093
370094
370095
370096
370097
370104
370105
370107
370108
370109
370110
370111
370112
370113
370114
370115
370116
370117
370118
370119
370132
370133
370134
370135
370136
370137
370138
370139
370140
370141
370142
370143
370144
370156
370158
370159
370161
370162
370163
370164
370165
370166
370168
370169
370175
370176
370177
370178
370179
370180
370181
370182
370183
370184
370185
370187
370191
370192
370193
370195
370202
370203
370204
370205
370206
370207
370222
370225
370226
370227
370228
370229
370230
370231
370232
370233
370245
370248
370249
370250
370251
370252
370253
370254
370255
370257
370267
370270
370271
370272
370273
370274
370275
370276
370277
370278
370279
370280
370281
370282
370283
370290
370291
370292
370293
370294
370295
370296
370297
370298
370299
370300
370301
370307
370308
370345
370351
370371
370372
370373
370374
370375
370377
370379
370381
370392
370398
370417
370454
370465
370466
370467
370468
370469
370500
370504
370511
370517
370518
370522
370523
370524
370531
370532
370533
370534
370535
370536
370537
370538
370539
370545
370552
370553
370554
370557
370558
370559
370560
370568
370569
370570
370571
370572
370573
370574
370575
370576
370577
370578
370582
370583
370585
370586
370587
370588
370590
370597
370598
370601
370602
370604
370608
370609
370610
370611
370612
370613
370614
370615
370616
370617
370618
370624
370627
370636
370642
370650
370653
370656
370665
370682
370685
370686
370687
370688
370689
370690
370691
370692
370693
370694
370695
370699
370700
370703
370704
370705
370706
370707
370708
370709
370710
370711
370712
370713
370719
370720
370726
370727
370731
370732
370733
370734
370735
370736
370737
370738
370739
370740
370741
370742
370743
370744
370745
370746
370747
370748
370749
370750
370751
370752
370753
370754
370755
370757
370758
370759
370760
370761
370762
370763
370764
370766
370769
370772
370773
370774
370777
370778
370779
370780
370781
370782
370783
370784
370785
370786
370787
370788
370789
370790
370791
370792
370793
370794
370795
370796
370797
370798
370799
370800
370803
370805
370806
370809
370810
370811
370818
370822
370823
370824
370827
370828
370829
370830
370831
370832
370833
370834
370835
370836
370837
370840
370842
370843
370846
370847
370848
370851
370852
370855
370856
370857
370858
370859
370860
370861
370862
370863
370864
370865
370866
370867
370868
370869
370870
370871
370872
370873
370874
370875
370876
370877
370882
370886
370887
370894
370897
370899
370900
370901
370902
370903
370904
370905
370906
370907
370908
370909
370910
370911
370912
370913
370914
370915
370917
370918
370919
370920
370921
370922
370923
370924
370925
370928
370932
370939
370940
370941
370944
370945
370946
370947
370948
370949
370950
370951
370952
370953
370954
370955
370956
370957
370958
370959
370960
370961
370962
370963
370964
370965
370966
370968
370969
370970
370971
370974
370975
370976
370977
370978
370979
370980
370981
370982
370989
370992
370993
370997
370998
370999
371003
371004
371005
371006
371007
371008
371009
371010
371011
371012
371013
371014
371015
371016
371017
371018
371019
371020
371021
371022
371023
371024
371025
371026
371027
371030
371032
371033
371034
371035
371036
371037
371038
371040
371042
371045
371046
371048
371050
371051
371052
371053
371056
371057
371058
371059
371060
371061
371062
371063
371064
371065
371066
371067
371068
371069
371070
371071
371072
371073
371074
371075
371076
371077
371079
371080
371081
371082
371083
371084
371087
371088
371092
371093
371096
371099
371100
371102
371104
371105
371106
371107
371110
371111
371112
371113
371114
371115
371116
371117
371118
371119
371120
371121
371122
371123
371124
371125
371126
371127
371128
371129
371131
371133
371134
371135
371136
371137
371138
371139
371140
371141
371142
371144
371145
371150
371153
371156
371158
371159
371160
371161
371164
371165
371166
371167
371168
371169
371170
371171
371172
371173
371174
371175
371176
371177
371178
371179
371180
371181
371182
371183
371184
371185
371188
371189
371190
371191
371192
371193
371194
371195
371198
371199
371201
371203
371209
371210
371211
371214
371216
371218
371221
371224
371225
371226
371227
371228
371229
371230
371231
371232
371233
371234
371235
371238
371239
371240
371241
371242
371243
371244
371246
371249
371252
371260
371261
371262
371265
371266
371268
371271
371272
371273
371274
371275
371276
371277
371278
371279
371280
371281
371282
371283
371284
371287
371288
371289
371292
371293
371294
371296
371297
371298
371299
371301
371302
371309
371312
371313
371314
371315
371316
371317
371318
371319
371320
371321
371322
371323
371324
371325
371326
371327
371328
371329
371331
371332
371333
371334
371336
371337
371338
371339
371341
371342
371344
371348
371349
371350
371353
371354
371355
371356
371359
371360
371361
371362
371363
371364
371365
371366
371367
371368
371369
371370
371372
371373
371374
371375
371377
371378
371379
371380
371382
371383
371388
371389
371390
371391
371392
371393
371394
371395
371396
371397
371398
371399
371400
371401
371402
371403
371404
371405
371406
371407
371408
371409
371410
371413
371414
371415
371417
371418
371419
371420
371422
371423
371428
371432
371435
371438
371439
371440
371441
371442
371443
371444
371445
371446
371449
371450
371454
371455
371458
371459
371460
371461
371465
371466
371469
371470
371471
371474
371475
371476
371480
371481
371482
371483
371484
371485
371486
371487
371488
371489
371490
371494
371497
371498
371501
371502
371503
371506
371507
371508
371510
371511
371512
371513
371515
371516
371517
371518
371521
371522
371523
371524
371525
371526
371527
371528
371529
371530
371531
371532
371533
371534
371535
371538
371540
371545
371549
371550
371551
371553
371554
371555
371557
371558
371559
371560
371561
371562
371563
371564
371565
371566
371567
371568
371570
371571
371572
371573
371574
371575
371576
371577
371578
371579
371594
371595
371596
371597
371598
371599
371600
371601
371602
371603
371604
371605
371606
371607
371609
371610
371611
371615
371616
371617
371619
371620
371621
371622
371633
371634
371635
371636
371637
371638
371639
371640
371641
371642
371643
371644
371645
371646
371647
371648
371649
371650
371651
371652
371653
371654
371655
371656
371657
371658
371659
371664
371669
371673
371674
371675
371676
371677
371678
371679
371680
371681
371682
371683
371684
371685
371686
371687
371688
371689
371690
371691
371692
371695
371696
371697
371698
371699
371700
371701
371702
371705
371711
371712
371713
371715
371716
371717
371718
371719
371720
371721
371722
371723
371724
371725
371726
371727
371728
371729
371730
371731
371732
371733
371734
371735
371736
371737
371741
371742
371750
371752
371754
371755
371756
371758
371759
371762
371763
371764
371765
371766
371767
371768
371769
371770
371771
371772
371773
371774
371775
371776
371777
371778
371779
371780
371782
371783
371784
371786
371787
371788
371792
371793
371794
371796
371801
371806
371807
371808
371809
371810
371811
371812
371813
371814
371815
371816
371817
371818
371819
371820
371821
371822
371823
371824
371826
371827
371828
371829
371832
371833
371834
371836
371840
371844
371845
371846
371848
371849
371853
371854
371855
371856
371857
371858
371859
371860
371861
371862
371863
371864
371865
371866
371868
371869
371870
371871
371874
371875
371876
371878
371884
371885
371886
371887
371888
371889
371890
371892
371893
371894
371895
371897
371898
371899
371900
371901
371902
371903
371905
371906
371907
371908
371911
371912
371913
371921
371926
371928
371929
371930
371931
371932
371933
371934
371935
371936
371937
371938
371940
371941
371942
371946
371947
371951
371952
371953
371957
371958
371961
371962
371963
371965
371966
371970
371971
371972
371973
371974
371975
371976
371977
371978
371979
371980
371981
371982
371983
371984
371987
371988
371991
371992
371996
371997
372000
372001
372002
372004
372005
372006
372009
372010
372011
372012
372015
372016
372017
372018
372019
372020
372021
372022
372023
372024
372025
372026
372027
372028
372029
372030
372031
372035
372037
372044
372045
372046
372048
372049
372050
372051
372053
372054
372055
372056
372059
372060
372061
372062
372063
372064
372065
372066
372068
372069
372070
372071
372072
372073
372074
372075
372076
372078
372079
372087
372088
372089
372090
372091
372092
372093
372094
372095
372096
372097
372098
372100
372101
372102
372103
372104
372105
372109
372110
372114
372115
372116
372123
372124
372125
372126
372127
372128
372129
372130
372131
372132
372133
372134
372136
372137
372138
372139
372140
372141
372142
372143
372144
372145
372146
372147
372148
372149
372150
372151
372152
372153
372159
372166
372167
372168
372169
372170
372171
372172
372173
372174
372175
372176
372179
372180
372181
372182
372183
372184
372185
372188
372189
372190
372192
372193
372194
372195
372202
372203
372204
372206
372207
372208
372210
372211
372212
372213
372215
372216
372217
372218
372219
372220
372221
372222
372223
372224
372225
372226
372227
372228
372229
372230
372231
372232
372233
372234
372235
372236
372237
372238
372239
372240
372250
372251
372253
372257
372260
372262
372263
372264
372265
372266
372272
372273
372274
372276
372277
372278
372279
372280
372286
372293
372295
372297
372298
372299
372303
372304
372305
372306
372307
372308
372309
372310
372311
372312
372313
372315
372316
372318
372319
372320
372321
372322
372323
372324
372325
372326
372327
372328
372329
372330
372333
372334
372335
372336
372337
372341
372342
372352
372353
372355
372356
372357
372358
372359
372360
372362
372363
372365
372366
372368
372369
372370
372371
372372
372373
372374
372375
372376
372377
372378
372379
372380
372381
372382
372383
372384
372385
372386
372387
372388
372389
372390
372391
372392
372394
372395
372396
372397
372398
372399
372402
372403
372410
372412
372414
372415
372416
372420
372421
372422
372423
372424
372425
372426
372427
372428
372429
372430
372431
372432
372433
372434
372435
372436
372437
372438
372439
372440
372441
372442
372443
372444
372445
372446
372447
372448
372449
372450
372451
372452
372453
372454
372455
372456
372457
372458
372459
372460
372461
372462
372465
372466
372473
372474
372475
372477
372478
372479
372481
372482
372484
372486
372487
372489
372490
372491
372492
372493
372494
372495
372496
372497
372498
372499
372500
372501
372502
372503
372504
372505
372506
372507
372508
372509
372523
372527
372528
372529
372530
372531
372533
372534
372535
372537
372538
372539
372540
372541
372542
372543
372544
372545
372546
372547
372549
372550
372552
372555
372559
372561
372562
372563
372564
372565
372567
372568
372569
372573
372574
372575
372581
372584
372585
372592
372593
372594
372595
372596
372597
372598
372599
372600
372601
372602
372603
372604
372606
372607
372611
372615
372616
372617
372619
372620
372621
372624
372627
372630
372631
372632
372633
372634
372635
372636
372637
372638
372639
372640
372641
372642
372643
372644
372645
372646
372647
372648
372649
372650
372651
372652
372653
372655
372663
372664
372665
372667
372668
372669
372672
372674
372676
372677
372678
372679
372680
372681
372682
372683
372684
372685
372686
372688
372689
372690
372691
372692
372693
372694
372695
372696
372697
372698
372699
372700
372701
372702
372703
372704
372705
372706
372707
372708
372709
372710
372713
372714
372715
372722
372723
372726
372727
372732
372733
372734
372735
372736
372737
372738
372739
372740
372741
372742
372744
372747
372750
372751
372752
372753
372754
372755
372756
372757
372758
372759
372760
372762
372778
372781
372782
372783
372786
372787
372792
372794
372819
372831
372832
372834
372837
372877
372888
372901
372902
372925
372947
372948
373016
373018
373022
373025
373038
373041
373042
373045
373046
373047
373048
373049
373050
373051
373054
373057
373060
373067
373070
373072
373075
373078
373079
373080
373081
373082
373084
373086
373087
373089
373103
373105
373109
373114
373115
373116
373118
373188
373189
373190
373191
373192
373193
373194
373223
373224
373225
373226
373227
373228
373229
373230
373244
373245
373246
373247
373248
373249
373250
373251
373252
373253
373254
373255
373256
373257
373258
373259
373260
373261
373309
373310
373312
373313
373316
373317
373319
373322
373323
373329
373330
373331
373332
373333
373335
373336
373337
373338
373341
373342
373343
373346
373347
373348
373349
373351
373352
373367
373368
373369
373370
373374
373380
373381
373390
373391
373395
373396
373397
373398
373399
373400
373401
373405
373410
373415
373416
373417
373424
373428
373429
373430
373439
373440
373441
373442
373446
373447
373451
373461
373462
373464
373465
373466
373467
373468
373469
373470
373474
373475
373476
373486
373487
373496
373497
373498
373499
373512
373513
373516
373517
373518
373520
373521
373522
373524
373525
373528
373529
373536
373539
373540
373543
373544
373547
373548
373553
373593
373594
373595
373596
373597
373598
373599
373600
373833
373840
373899
373902
373903
373904
373905
373906
373915
373916
373917
373920
373921
373922
373923
373924
373925
373926
373929
373930
373936
373937
373945
373946
373947
373948
373954
373955
373956
373957
373986
373987
373988
373994
374002
374003
374004
374005
374008
374013
374014
374020
374021
374022
374023
374024
374025
374026
374027
374028
374037
374038
374043
374044
374045
374048
374049
374050
374051
374057
374062
374063
374064
374101
374102
374103
374104
374109
374110
374111
374112
374117
374118
374121
374122
374126
374127
374128
374129
374130
374131
374136
374137
374143
374144
374145
374146
374147
374151
374152
374153
374154
374155
374160
374219
374226
374233
374513
374516
374517
374518
374519
374520
374521
374526
374527
374533
374537
374587
374588
374589
374590
374591
374592
374593
374594
374595
374596
374600
374601
374602
374603
374604
374605
374606
374607
374608
374609
374610
374611
374623
374624
374625
374626
374627
374628
374629
374630
374631
374638
374639
374640
374641
374642
374643
374677
374678
374679
374680
374681
374682
374683
374684
374685
374686
374687
374688
374689
374690
374691
374692
374693
374694
374695
374696
374697
374698
374699
374725
374743
374744
374778
374784
374785
374787
374788
374789
374790
374791
374792
374804
374815
374825
374826
374835
374836
374837
374838
374839
374840
374841
374842
374843
374844
374856
374868
374869
374870
374871
374880
374881
374882
374883
374908
374909
374910
374911
374912
374913
374914
374915
374916
374920
374921
374936
374947
374961
374962
374963
374964
374972
374973
374974
375099
375100
375139
375140
375141
375142
375153
375160
375161
375170
375171
375172
375178
375179
375180
375181
375184
375185
375188
375189
375190
375191
375192
375199
375200
375201
375202
375203
375204
375205
375214
375215
375216
375217
375218
375219
375227
375228
375229
375239
375240
375245
375246
375254
375255
375256
375257
375258
375267
375268
375269
375277
375278
375279
375288
375289
375290
375291
375292
375293
375294
375295
375296
375297
375298
375299
375300
375302
375303
375304
375305
375306
375307
375319
375320
375321
375328
375335
375336
375337
375338
375339
375340
375341
375342
375361
375371
375372
375373
375374
375382
375383
375384
375385
375393
375394
375395
375396
375397
375398
375399
375404
375416
375419
375420
375429
375430
375431
375432
375433
375434
375435
375444
375455
375561
375565
375569
375570
375571
375572
375573
375574
375575
375576
375577
375578
375579
375580
375581
375582
375583
375584
375586
375587
375588
375590
375591
375592
375593
375594
375595
375871
375872
375873
375876
375877
375878
375879
375888
375889
375890
375891
375898
375899
375951
375952
375953
375962
375963
375970
375971
375972
375973
375974
375983
375984
375988
375989
375990
375991
375992
375993
375994
375995
375996
375997
375998
375999
376000
376001
376004
376005
376006
376007
376008
376009
376017
376018
376019
376029
376030
376031
376032
376033
376034
376037
376044
376045
376046
376047
376070
376071
376081
376082
376083
376084
376092
376093
376099
376100
376101
376109
376110
376120
376121
376122
376123
376124
376125
376126
376127
376128
376129
376130
376131
376132
376133
376134
376139
376145
376146
376147
376149
376150
376151
376156
376157
376158
376159
376161
376162
376163
376220
376221
376222
376223
376228
376231
376232
376233
376234
376235
376236
376240
376241
376251
376252
376253
376254
376255
376256
376267
376268
376272
376273
376274
376275
376276
376278
376279
376280
376281
376282
376283
376287
376288
376289
376565
376566
376567
376568
376569
376570
376571
376572
376573
376574
376575
376576
376650
376651
376652
376653
376654
376655
376656
376657
376658
376659
376660
376661
376662
376663
376664
376665
376666
376667
376668
376669
376705
376706
376707
376708
376709
376710
376711
376712
376713
376714
376715
376716
376717
376718
376719
376720
376721
376722
376723
376724
376725
376726
376727
376728
376729
376730
376731
376732
376733
376734
376735
376736
376737
376738
376739
376740
376741
376742
376743
376744
376745
376746
376747
376855
376856
376857
376858
376861
376862
376866
376867
376868
376869
376870
376871
376873
376874
376882
376883
376884
376885
376886
376895
376896
376897
376898
376899
376900
376901
376902
376903
376904
376907
376908
376909
376910
376911
376912
376913
376914
376915
376916
376922
376923
376924
376925
376926
376927
376928
376929
376935
376936
376937
376938
376939
376940
376941
376942
376943
376948
376949
376984
376985
376986
376987
376988
376989
376990
376991
376992
376993
376994
376995
377009
377010
377011
377022
377023
377024
377025
377026
377051
377052
377053
377054
377055
377056
377061
377062
377063
377064
377065
377066
377067
377068
377069
377070
377071
377072
377073
377074
377075
377076
377077
377078
377090
377091
377092
377103
377104
377116
377117
377118
377119
377120
377121
377140
377153
377154
377155
377156
377157
377158
377159
377160
377182
377183
377184
377185
377186
377187
377188
377189
377198
377199
377200
377209
377210
377234
377235
377236
377237
377241
377242
377243
377244
377245
377246
377247
377248
377249
377250
377251
377252
377253
377254
377255
377256
377257
377258
377259
377270
377271
377272
377273
377299
377300
377301
377322
377323
377324
377325
377326
377327
377355
377356
377357
377358
377364
377365
377366
377367
377368
377369
377370
377374
377375
377376
377377
377378
377379
377380
377382
377383
377390
377405
377406
377407
377414
377415
377416
377423
377424
377425
377426
377427
377428
377439
377535
377536
377537
377538
377539
377540
377541
377542
377543
377544
377545
377546
377547
377548
377549
377550
377551
377552
377553
377554
377555
377556
377585
377606
)


// ************************************************************************* //
