/*--------------------------------*- C++ -*----------------------------------*\
| =========                 |                                                 |
| \\      /  F ield         | OpenFOAM: The Open Source CFD Toolbox           |
|  \\    /   O peration     | Version:  v2012                                 |
|   \\  /    A nd           | Website:  www.openfoam.com                      |
|    \\/     M anipulation  |                                                 |
\*---------------------------------------------------------------------------*/
FoamFile
{
    version     2.0;
    format      ascii;
    class       regIOobject;
    location    "constant/fluid/polyMesh";
    object      faceZones;
}
// * * * * * * * * * * * * * * * * * * * * * * * * * * * * * * * * * * * * * //

1
(
ellipse_to_fluid
{
    type faceZone;
faceLabels      List<label> 
3894
(
1075302
1075303
1075304
1075305
1075306
1075307
1075308
1075309
1075310
1075311
1075312
1075313
1075314
1075315
1075316
1075317
1075318
1075319
1075320
1075321
1075322
1075323
1075324
1075325
1075326
1075327
1075328
1075329
1075330
1075331
1075332
1075333
1075334
1075335
1075336
1075337
1075338
1075339
1075340
1075341
1075342
1075343
1075344
1075345
1075346
1075347
1075348
1075349
1075350
1075351
1075352
1075353
1075354
1075355
1075356
1075357
1075358
1075359
1075360
1075361
1075362
1075363
1075364
1075365
1075366
1075367
1075368
1075369
1075370
1075371
1075372
1075373
1075374
1075375
1075376
1075377
1075378
1075379
1075380
1075381
1075382
1075383
1075384
1075385
1075386
1075387
1075388
1075389
1075390
1075391
1075392
1075393
1075394
1075395
1075396
1075397
1075398
1075399
1075400
1075401
1075402
1075403
1075404
1075405
1075406
1075407
1075408
1075409
1075410
1075411
1075412
1075413
1075414
1075415
1075416
1075417
1075418
1075419
1075420
1075421
1075422
1075423
1075424
1075425
1075426
1075427
1075428
1075429
1075430
1075431
1075432
1075433
1075434
1075435
1075436
1075437
1075438
1075439
1075440
1075441
1075442
1075443
1075444
1075445
1075446
1075447
1075448
1075449
1075450
1075451
1075452
1075453
1075454
1075455
1075456
1075457
1075458
1075459
1075460
1075461
1075462
1075463
1075464
1075465
1075466
1075467
1075468
1075469
1075470
1075471
1075472
1075473
1075474
1075475
1075476
1075477
1075478
1075479
1075480
1075481
1075482
1075483
1075484
1075485
1075486
1075487
1075488
1075489
1075490
1075491
1075492
1075493
1075494
1075495
1075496
1075497
1075498
1075499
1075500
1075501
1075502
1075503
1075504
1075505
1075506
1075507
1075508
1075509
1075510
1075511
1075512
1075513
1075514
1075515
1075516
1075517
1075518
1075519
1075520
1075521
1075522
1075523
1075524
1075525
1075526
1075527
1075528
1075529
1075530
1075531
1075532
1075533
1075534
1075535
1075536
1075537
1075538
1075539
1075540
1075541
1075542
1075543
1075544
1075545
1075546
1075547
1075548
1075549
1075550
1075551
1075552
1075553
1075554
1075555
1075556
1075557
1075558
1075559
1075560
1075561
1075562
1075563
1075564
1075565
1075566
1075567
1075568
1075569
1075570
1075571
1075572
1075573
1075574
1075575
1075576
1075577
1075578
1075579
1075580
1075581
1075582
1075583
1075584
1075585
1075586
1075587
1075588
1075589
1075590
1075591
1075592
1075593
1075594
1075595
1075596
1075597
1075598
1075599
1075600
1075601
1075602
1075603
1075604
1075605
1075606
1075607
1075608
1075609
1075610
1075611
1075612
1075613
1075614
1075615
1075616
1075617
1075618
1075619
1075620
1075621
1075622
1075623
1075624
1075625
1075626
1075627
1075628
1075629
1075630
1075631
1075632
1075633
1075634
1075635
1075636
1075637
1075638
1075639
1075640
1075641
1075642
1075643
1075644
1075645
1075646
1075647
1075648
1075649
1075650
1075651
1075652
1075653
1075654
1075655
1075656
1075657
1075658
1075659
1075660
1075661
1075662
1075663
1075664
1075665
1075666
1075667
1075668
1075669
1075670
1075671
1075672
1075673
1075674
1075675
1075676
1075677
1075678
1075679
1075680
1075681
1075682
1075683
1075684
1075685
1075686
1075687
1075688
1075689
1075690
1075691
1075692
1075693
1075694
1075695
1075696
1075697
1075698
1075699
1075700
1075701
1075702
1075703
1075704
1075705
1075706
1075707
1075708
1075709
1075710
1075711
1075712
1075713
1075714
1075715
1075716
1075717
1075718
1075719
1075720
1075721
1075722
1075723
1075724
1075725
1075726
1075727
1075728
1075729
1075730
1075731
1075732
1075733
1075734
1075735
1075736
1075737
1075738
1075739
1075740
1075741
1075742
1075743
1075744
1075745
1075746
1075747
1075748
1075749
1075750
1075751
1075752
1075753
1075754
1075755
1075756
1075757
1075758
1075759
1075760
1075761
1075762
1075763
1075764
1075765
1075766
1075767
1075768
1075769
1075770
1075771
1075772
1075773
1075774
1075775
1075776
1075777
1075778
1075779
1075780
1075781
1075782
1075783
1075784
1075785
1075786
1075787
1075788
1075789
1075790
1075791
1075792
1075793
1075794
1075795
1075796
1075797
1075798
1075799
1075800
1075801
1075802
1075803
1075804
1075805
1075806
1075807
1075808
1075809
1075810
1075811
1075812
1075813
1075814
1075815
1075816
1075817
1075818
1075819
1075820
1075821
1075822
1075823
1075824
1075825
1075826
1075827
1075828
1075829
1075830
1075831
1075832
1075833
1075834
1075835
1075836
1075837
1075838
1075839
1075840
1075841
1075842
1075843
1075844
1075845
1075846
1075847
1075848
1075849
1075850
1075851
1075852
1075853
1075854
1075855
1075856
1075857
1075858
1075859
1075860
1075861
1075862
1075863
1075864
1075865
1075866
1075867
1075868
1075869
1075870
1075871
1075872
1075873
1075874
1075875
1075876
1075877
1075878
1075879
1075880
1075881
1075882
1075883
1075884
1075885
1075886
1075887
1075888
1075889
1075890
1075891
1075892
1075893
1075894
1075895
1075896
1075897
1075898
1075899
1075900
1075901
1075902
1075903
1075904
1075905
1075906
1075907
1075908
1075909
1075910
1075911
1075912
1075913
1075914
1075915
1075916
1075917
1075918
1075919
1075920
1075921
1075922
1075923
1075924
1075925
1075926
1075927
1075928
1075929
1075930
1075931
1075932
1075933
1075934
1075935
1075936
1075937
1075938
1075939
1075940
1075941
1075942
1075943
1075944
1075945
1075946
1075947
1075948
1075949
1075950
1075951
1075952
1075953
1075954
1075955
1075956
1075957
1075958
1075959
1075960
1075961
1075962
1075963
1075964
1075965
1075966
1075967
1075968
1075969
1075970
1075971
1075972
1075973
1075974
1075975
1075976
1075977
1075978
1075979
1075980
1075981
1075982
1075983
1075984
1075985
1075986
1075987
1075988
1075989
1075990
1075991
1075992
1075993
1075994
1075995
1075996
1075997
1075998
1075999
1076000
1076001
1076002
1076003
1076004
1076005
1076006
1076007
1076008
1076009
1076010
1076011
1076012
1076013
1076014
1076015
1076016
1076017
1076018
1076019
1076020
1076021
1076022
1076023
1076024
1076025
1076026
1076027
1076028
1076029
1076030
1076031
1076032
1076033
1076034
1076035
1076036
1076037
1076038
1076039
1076040
1076041
1076042
1076043
1076044
1076045
1076046
1076047
1076048
1076049
1076050
1076051
1076052
1076053
1076054
1076055
1076056
1076057
1076058
1076059
1076060
1076061
1076062
1076063
1076064
1076065
1076066
1076067
1076068
1076069
1076070
1076071
1076072
1076073
1076074
1076075
1076076
1076077
1076078
1076079
1076080
1076081
1076082
1076083
1076084
1076085
1076086
1076087
1076088
1076089
1076090
1076091
1076092
1076093
1076094
1076095
1076096
1076097
1076098
1076099
1076100
1076101
1076102
1076103
1076104
1076105
1076106
1076107
1076108
1076109
1076110
1076111
1076112
1076113
1076114
1076115
1076116
1076117
1076118
1076119
1076120
1076121
1076122
1076123
1076124
1076125
1076126
1076127
1076128
1076129
1076130
1076131
1076132
1076133
1076134
1076135
1076136
1076137
1076138
1076139
1076140
1076141
1076142
1076143
1076144
1076145
1076146
1076147
1076148
1076149
1076150
1076151
1076152
1076153
1076154
1076155
1076156
1076157
1076158
1076159
1076160
1076161
1076162
1076163
1076164
1076165
1076166
1076167
1076168
1076169
1076170
1076171
1076172
1076173
1076174
1076175
1076176
1076177
1076178
1076179
1076180
1076181
1076182
1076183
1076184
1076185
1076186
1076187
1076188
1076189
1076190
1076191
1076192
1076193
1076194
1076195
1076196
1076197
1076198
1076199
1076200
1076201
1076202
1076203
1076204
1076205
1076206
1076207
1076208
1076209
1076210
1076211
1076212
1076213
1076214
1076215
1076216
1076217
1076218
1076219
1076220
1076221
1076222
1076223
1076224
1076225
1076226
1076227
1076228
1076229
1076230
1076231
1076232
1076233
1076234
1076235
1076236
1076237
1076238
1076239
1076240
1076241
1076242
1076243
1076244
1076245
1076246
1076247
1076248
1076249
1076250
1076251
1076252
1076253
1076254
1076255
1076256
1076257
1076258
1076259
1076260
1076261
1076262
1076263
1076264
1076265
1076266
1076267
1076268
1076269
1076270
1076271
1076272
1076273
1076274
1076275
1076276
1076277
1076278
1076279
1076280
1076281
1076282
1076283
1076284
1076285
1076286
1076287
1076288
1076289
1076290
1076291
1076292
1076293
1076294
1076295
1076296
1076297
1076298
1076299
1076300
1076301
1076302
1076303
1076304
1076305
1076306
1076307
1076308
1076309
1076310
1076311
1076312
1076313
1076314
1076315
1076316
1076317
1076318
1076319
1076320
1076321
1076322
1076323
1076324
1076325
1076326
1076327
1076328
1076329
1076330
1076331
1076332
1076333
1076334
1076335
1076336
1076337
1076338
1076339
1076340
1076341
1076342
1076343
1076344
1076345
1076346
1076347
1076348
1076349
1076350
1076351
1076352
1076353
1076354
1076355
1076356
1076357
1076358
1076359
1076360
1076361
1076362
1076363
1076364
1076365
1076366
1076367
1076368
1076369
1076370
1076371
1076372
1076373
1076374
1076375
1076376
1076377
1076378
1076379
1076380
1076381
1076382
1076383
1076384
1076385
1076386
1076387
1076388
1076389
1076390
1076391
1076392
1076393
1076394
1076395
1076396
1076397
1076398
1076399
1076400
1076401
1076402
1076403
1076404
1076405
1076406
1076407
1076408
1076409
1076410
1076411
1076412
1076413
1076414
1076415
1076416
1076417
1076418
1076419
1076420
1076421
1076422
1076423
1076424
1076425
1076426
1076427
1076428
1076429
1076430
1076431
1076432
1076433
1076434
1076435
1076436
1076437
1076438
1076439
1076440
1076441
1076442
1076443
1076444
1076445
1076446
1076447
1076448
1076449
1076450
1076451
1076452
1076453
1076454
1076455
1076456
1076457
1076458
1076459
1076460
1076461
1076462
1076463
1076464
1076465
1076466
1076467
1076468
1076469
1076470
1076471
1076472
1076473
1076474
1076475
1076476
1076477
1076478
1076479
1076480
1076481
1076482
1076483
1076484
1076485
1076486
1076487
1076488
1076489
1076490
1076491
1076492
1076493
1076494
1076495
1076496
1076497
1076498
1076499
1076500
1076501
1076502
1076503
1076504
1076505
1076506
1076507
1076508
1076509
1076510
1076511
1076512
1076513
1076514
1076515
1076516
1076517
1076518
1076519
1076520
1076521
1076522
1076523
1076524
1076525
1076526
1076527
1076528
1076529
1076530
1076531
1076532
1076533
1076534
1076535
1076536
1076537
1076538
1076539
1076540
1076541
1076542
1076543
1076544
1076545
1076546
1076547
1076548
1076549
1076550
1076551
1076552
1076553
1076554
1076555
1076556
1076557
1076558
1076559
1076560
1076561
1076562
1076563
1076564
1076565
1076566
1076567
1076568
1076569
1076570
1076571
1076572
1076573
1076574
1076575
1076576
1076577
1076578
1076579
1076580
1076581
1076582
1076583
1076584
1076585
1076586
1076587
1076588
1076589
1076590
1076591
1076592
1076593
1076594
1076595
1076596
1076597
1076598
1076599
1076600
1076601
1076602
1076603
1076604
1076605
1076606
1076607
1076608
1076609
1076610
1076611
1076612
1076613
1076614
1076615
1076616
1076617
1076618
1076619
1076620
1076621
1076622
1076623
1076624
1076625
1076626
1076627
1076628
1076629
1076630
1076631
1076632
1076633
1076634
1076635
1076636
1076637
1076638
1076639
1076640
1076641
1076642
1076643
1076644
1076645
1076646
1076647
1076648
1076649
1076650
1076651
1076652
1076653
1076654
1076655
1076656
1076657
1076658
1076659
1076660
1076661
1076662
1076663
1076664
1076665
1076666
1076667
1076668
1076669
1076670
1076671
1076672
1076673
1076674
1076675
1076676
1076677
1076678
1076679
1076680
1076681
1076682
1076683
1076684
1076685
1076686
1076687
1076688
1076689
1076690
1076691
1076692
1076693
1076694
1076695
1076696
1076697
1076698
1076699
1076700
1076701
1076702
1076703
1076704
1076705
1076706
1076707
1076708
1076709
1076710
1076711
1076712
1076713
1076714
1076715
1076716
1076717
1076718
1076719
1076720
1076721
1076722
1076723
1076724
1076725
1076726
1076727
1076728
1076729
1076730
1076731
1076732
1076733
1076734
1076735
1076736
1076737
1076738
1076739
1076740
1076741
1076742
1076743
1076744
1076745
1076746
1076747
1076748
1076749
1076750
1076751
1076752
1076753
1076754
1076755
1076756
1076757
1076758
1076759
1076760
1076761
1076762
1076763
1076764
1076765
1076766
1076767
1076768
1076769
1076770
1076771
1076772
1076773
1076774
1076775
1076776
1076777
1076778
1076779
1076780
1076781
1076782
1076783
1076784
1076785
1076786
1076787
1076788
1076789
1076790
1076791
1076792
1076793
1076794
1076795
1076796
1076797
1076798
1076799
1076800
1076801
1076802
1076803
1076804
1076805
1076806
1076807
1076808
1076809
1076810
1076811
1076812
1076813
1076814
1076815
1076816
1076817
1076818
1076819
1076820
1076821
1076822
1076823
1076824
1076825
1076826
1076827
1076828
1076829
1076830
1076831
1076832
1076833
1076834
1076835
1076836
1076837
1076838
1076839
1076840
1076841
1076842
1076843
1076844
1076845
1076846
1076847
1076848
1076849
1076850
1076851
1076852
1076853
1076854
1076855
1076856
1076857
1076858
1076859
1076860
1076861
1076862
1076863
1076864
1076865
1076866
1076867
1076868
1076869
1076870
1076871
1076872
1076873
1076874
1076875
1076876
1076877
1076878
1076879
1076880
1076881
1076882
1076883
1076884
1076885
1076886
1076887
1076888
1076889
1076890
1076891
1076892
1076893
1076894
1076895
1076896
1076897
1076898
1076899
1076900
1076901
1076902
1076903
1076904
1076905
1076906
1076907
1076908
1076909
1076910
1076911
1076912
1076913
1076914
1076915
1076916
1076917
1076918
1076919
1076920
1076921
1076922
1076923
1076924
1076925
1076926
1076927
1076928
1076929
1076930
1076931
1076932
1076933
1076934
1076935
1076936
1076937
1076938
1076939
1076940
1076941
1076942
1076943
1076944
1076945
1076946
1076947
1076948
1076949
1076950
1076951
1076952
1076953
1076954
1076955
1076956
1076957
1076958
1076959
1076960
1076961
1076962
1076963
1076964
1076965
1076966
1076967
1076968
1076969
1076970
1076971
1076972
1076973
1076974
1076975
1076976
1076977
1076978
1076979
1076980
1076981
1076982
1076983
1076984
1076985
1076986
1076987
1076988
1076989
1076990
1076991
1076992
1076993
1076994
1076995
1076996
1076997
1076998
1076999
1077000
1077001
1077002
1077003
1077004
1077005
1077006
1077007
1077008
1077009
1077010
1077011
1077012
1077013
1077014
1077015
1077016
1077017
1077018
1077019
1077020
1077021
1077022
1077023
1077024
1077025
1077026
1077027
1077028
1077029
1077030
1077031
1077032
1077033
1077034
1077035
1077036
1077037
1077038
1077039
1077040
1077041
1077042
1077043
1077044
1077045
1077046
1077047
1077048
1077049
1077050
1077051
1077052
1077053
1077054
1077055
1077056
1077057
1077058
1077059
1077060
1077061
1077062
1077063
1077064
1077065
1077066
1077067
1077068
1077069
1077070
1077071
1077072
1077073
1077074
1077075
1077076
1077077
1077078
1077079
1077080
1077081
1077082
1077083
1077084
1077085
1077086
1077087
1077088
1077089
1077090
1077091
1077092
1077093
1077094
1077095
1077096
1077097
1077098
1077099
1077100
1077101
1077102
1077103
1077104
1077105
1077106
1077107
1077108
1077109
1077110
1077111
1077112
1077113
1077114
1077115
1077116
1077117
1077118
1077119
1077120
1077121
1077122
1077123
1077124
1077125
1077126
1077127
1077128
1077129
1077130
1077131
1077132
1077133
1077134
1077135
1077136
1077137
1077138
1077139
1077140
1077141
1077142
1077143
1077144
1077145
1077146
1077147
1077148
1077149
1077150
1077151
1077152
1077153
1077154
1077155
1077156
1077157
1077158
1077159
1077160
1077161
1077162
1077163
1077164
1077165
1077166
1077167
1077168
1077169
1077170
1077171
1077172
1077173
1077174
1077175
1077176
1077177
1077178
1077179
1077180
1077181
1077182
1077183
1077184
1077185
1077186
1077187
1077188
1077189
1077190
1077191
1077192
1077193
1077194
1077195
1077196
1077197
1077198
1077199
1077200
1077201
1077202
1077203
1077204
1077205
1077206
1077207
1077208
1077209
1077210
1077211
1077212
1077213
1077214
1077215
1077216
1077217
1077218
1077219
1077220
1077221
1077222
1077223
1077224
1077225
1077226
1077227
1077228
1077229
1077230
1077231
1077232
1077233
1077234
1077235
1077236
1077237
1077238
1077239
1077240
1077241
1077242
1077243
1077244
1077245
1077246
1077247
1077248
1077249
1077250
1077251
1077252
1077253
1077254
1077255
1077256
1077257
1077258
1077259
1077260
1077261
1077262
1077263
1077264
1077265
1077266
1077267
1077268
1077269
1077270
1077271
1077272
1077273
1077274
1077275
1077276
1077277
1077278
1077279
1077280
1077281
1077282
1077283
1077284
1077285
1077286
1077287
1077288
1077289
1077290
1077291
1077292
1077293
1077294
1077295
1077296
1077297
1077298
1077299
1077300
1077301
1077302
1077303
1077304
1077305
1077306
1077307
1077308
1077309
1077310
1077311
1077312
1077313
1077314
1077315
1077316
1077317
1077318
1077319
1077320
1077321
1077322
1077323
1077324
1077325
1077326
1077327
1077328
1077329
1077330
1077331
1077332
1077333
1077334
1077335
1077336
1077337
1077338
1077339
1077340
1077341
1077342
1077343
1077344
1077345
1077346
1077347
1077348
1077349
1077350
1077351
1077352
1077353
1077354
1077355
1077356
1077357
1077358
1077359
1077360
1077361
1077362
1077363
1077364
1077365
1077366
1077367
1077368
1077369
1077370
1077371
1077372
1077373
1077374
1077375
1077376
1077377
1077378
1077379
1077380
1077381
1077382
1077383
1077384
1077385
1077386
1077387
1077388
1077389
1077390
1077391
1077392
1077393
1077394
1077395
1077396
1077397
1077398
1077399
1077400
1077401
1077402
1077403
1077404
1077405
1077406
1077407
1077408
1077409
1077410
1077411
1077412
1077413
1077414
1077415
1077416
1077417
1077418
1077419
1077420
1077421
1077422
1077423
1077424
1077425
1077426
1077427
1077428
1077429
1077430
1077431
1077432
1077433
1077434
1077435
1077436
1077437
1077438
1077439
1077440
1077441
1077442
1077443
1077444
1077445
1077446
1077447
1077448
1077449
1077450
1077451
1077452
1077453
1077454
1077455
1077456
1077457
1077458
1077459
1077460
1077461
1077462
1077463
1077464
1077465
1077466
1077467
1077468
1077469
1077470
1077471
1077472
1077473
1077474
1077475
1077476
1077477
1077478
1077479
1077480
1077481
1077482
1077483
1077484
1077485
1077486
1077487
1077488
1077489
1077490
1077491
1077492
1077493
1077494
1077495
1077496
1077497
1077498
1077499
1077500
1077501
1077502
1077503
1077504
1077505
1077506
1077507
1077508
1077509
1077510
1077511
1077512
1077513
1077514
1077515
1077516
1077517
1077518
1077519
1077520
1077521
1077522
1077523
1077524
1077525
1077526
1077527
1077528
1077529
1077530
1077531
1077532
1077533
1077534
1077535
1077536
1077537
1077538
1077539
1077540
1077541
1077542
1077543
1077544
1077545
1077546
1077547
1077548
1077549
1077550
1077551
1077552
1077553
1077554
1077555
1077556
1077557
1077558
1077559
1077560
1077561
1077562
1077563
1077564
1077565
1077566
1077567
1077568
1077569
1077570
1077571
1077572
1077573
1077574
1077575
1077576
1077577
1077578
1077579
1077580
1077581
1077582
1077583
1077584
1077585
1077586
1077587
1077588
1077589
1077590
1077591
1077592
1077593
1077594
1077595
1077596
1077597
1077598
1077599
1077600
1077601
1077602
1077603
1077604
1077605
1077606
1077607
1077608
1077609
1077610
1077611
1077612
1077613
1077614
1077615
1077616
1077617
1077618
1077619
1077620
1077621
1077622
1077623
1077624
1077625
1077626
1077627
1077628
1077629
1077630
1077631
1077632
1077633
1077634
1077635
1077636
1077637
1077638
1077639
1077640
1077641
1077642
1077643
1077644
1077645
1077646
1077647
1077648
1077649
1077650
1077651
1077652
1077653
1077654
1077655
1077656
1077657
1077658
1077659
1077660
1077661
1077662
1077663
1077664
1077665
1077666
1077667
1077668
1077669
1077670
1077671
1077672
1077673
1077674
1077675
1077676
1077677
1077678
1077679
1077680
1077681
1077682
1077683
1077684
1077685
1077686
1077687
1077688
1077689
1077690
1077691
1077692
1077693
1077694
1077695
1077696
1077697
1077698
1077699
1077700
1077701
1077702
1077703
1077704
1077705
1077706
1077707
1077708
1077709
1077710
1077711
1077712
1077713
1077714
1077715
1077716
1077717
1077718
1077719
1077720
1077721
1077722
1077723
1077724
1077725
1077726
1077727
1077728
1077729
1077730
1077731
1077732
1077733
1077734
1077735
1077736
1077737
1077738
1077739
1077740
1077741
1077742
1077743
1077744
1077745
1077746
1077747
1077748
1077749
1077750
1077751
1077752
1077753
1077754
1077755
1077756
1077757
1077758
1077759
1077760
1077761
1077762
1077763
1077764
1077765
1077766
1077767
1077768
1077769
1077770
1077771
1077772
1077773
1077774
1077775
1077776
1077777
1077778
1077779
1077780
1077781
1077782
1077783
1077784
1077785
1077786
1077787
1077788
1077789
1077790
1077791
1077792
1077793
1077794
1077795
1077796
1077797
1077798
1077799
1077800
1077801
1077802
1077803
1077804
1077805
1077806
1077807
1077808
1077809
1077810
1077811
1077812
1077813
1077814
1077815
1077816
1077817
1077818
1077819
1077820
1077821
1077822
1077823
1077824
1077825
1077826
1077827
1077828
1077829
1077830
1077831
1077832
1077833
1077834
1077835
1077836
1077837
1077838
1077839
1077840
1077841
1077842
1077843
1077844
1077845
1077846
1077847
1077848
1077849
1077850
1077851
1077852
1077853
1077854
1077855
1077856
1077857
1077858
1077859
1077860
1077861
1077862
1077863
1077864
1077865
1077866
1077867
1077868
1077869
1077870
1077871
1077872
1077873
1077874
1077875
1077876
1077877
1077878
1077879
1077880
1077881
1077882
1077883
1077884
1077885
1077886
1077887
1077888
1077889
1077890
1077891
1077892
1077893
1077894
1077895
1077896
1077897
1077898
1077899
1077900
1077901
1077902
1077903
1077904
1077905
1077906
1077907
1077908
1077909
1077910
1077911
1077912
1077913
1077914
1077915
1077916
1077917
1077918
1077919
1077920
1077921
1077922
1077923
1077924
1077925
1077926
1077927
1077928
1077929
1077930
1077931
1077932
1077933
1077934
1077935
1077936
1077937
1077938
1077939
1077940
1077941
1077942
1077943
1077944
1077945
1077946
1077947
1077948
1077949
1077950
1077951
1077952
1077953
1077954
1077955
1077956
1077957
1077958
1077959
1077960
1077961
1077962
1077963
1077964
1077965
1077966
1077967
1077968
1077969
1077970
1077971
1077972
1077973
1077974
1077975
1077976
1077977
1077978
1077979
1077980
1077981
1077982
1077983
1077984
1077985
1077986
1077987
1077988
1077989
1077990
1077991
1077992
1077993
1077994
1077995
1077996
1077997
1077998
1077999
1078000
1078001
1078002
1078003
1078004
1078005
1078006
1078007
1078008
1078009
1078010
1078011
1078012
1078013
1078014
1078015
1078016
1078017
1078018
1078019
1078020
1078021
1078022
1078023
1078024
1078025
1078026
1078027
1078028
1078029
1078030
1078031
1078032
1078033
1078034
1078035
1078036
1078037
1078038
1078039
1078040
1078041
1078042
1078043
1078044
1078045
1078046
1078047
1078048
1078049
1078050
1078051
1078052
1078053
1078054
1078055
1078056
1078057
1078058
1078059
1078060
1078061
1078062
1078063
1078064
1078065
1078066
1078067
1078068
1078069
1078070
1078071
1078072
1078073
1078074
1078075
1078076
1078077
1078078
1078079
1078080
1078081
1078082
1078083
1078084
1078085
1078086
1078087
1078088
1078089
1078090
1078091
1078092
1078093
1078094
1078095
1078096
1078097
1078098
1078099
1078100
1078101
1078102
1078103
1078104
1078105
1078106
1078107
1078108
1078109
1078110
1078111
1078112
1078113
1078114
1078115
1078116
1078117
1078118
1078119
1078120
1078121
1078122
1078123
1078124
1078125
1078126
1078127
1078128
1078129
1078130
1078131
1078132
1078133
1078134
1078135
1078136
1078137
1078138
1078139
1078140
1078141
1078142
1078143
1078144
1078145
1078146
1078147
1078148
1078149
1078150
1078151
1078152
1078153
1078154
1078155
1078156
1078157
1078158
1078159
1078160
1078161
1078162
1078163
1078164
1078165
1078166
1078167
1078168
1078169
1078170
1078171
1078172
1078173
1078174
1078175
1078176
1078177
1078178
1078179
1078180
1078181
1078182
1078183
1078184
1078185
1078186
1078187
1078188
1078189
1078190
1078191
1078192
1078193
1078194
1078195
1078196
1078197
1078198
1078199
1078200
1078201
1078202
1078203
1078204
1078205
1078206
1078207
1078208
1078209
1078210
1078211
1078212
1078213
1078214
1078215
1078216
1078217
1078218
1078219
1078220
1078221
1078222
1078223
1078224
1078225
1078226
1078227
1078228
1078229
1078230
1078231
1078232
1078233
1078234
1078235
1078236
1078237
1078238
1078239
1078240
1078241
1078242
1078243
1078244
1078245
1078246
1078247
1078248
1078249
1078250
1078251
1078252
1078253
1078254
1078255
1078256
1078257
1078258
1078259
1078260
1078261
1078262
1078263
1078264
1078265
1078266
1078267
1078268
1078269
1078270
1078271
1078272
1078273
1078274
1078275
1078276
1078277
1078278
1078279
1078280
1078281
1078282
1078283
1078284
1078285
1078286
1078287
1078288
1078289
1078290
1078291
1078292
1078293
1078294
1078295
1078296
1078297
1078298
1078299
1078300
1078301
1078302
1078303
1078304
1078305
1078306
1078307
1078308
1078309
1078310
1078311
1078312
1078313
1078314
1078315
1078316
1078317
1078318
1078319
1078320
1078321
1078322
1078323
1078324
1078325
1078326
1078327
1078328
1078329
1078330
1078331
1078332
1078333
1078334
1078335
1078336
1078337
1078338
1078339
1078340
1078341
1078342
1078343
1078344
1078345
1078346
1078347
1078348
1078349
1078350
1078351
1078352
1078353
1078354
1078355
1078356
1078357
1078358
1078359
1078360
1078361
1078362
1078363
1078364
1078365
1078366
1078367
1078368
1078369
1078370
1078371
1078372
1078373
1078374
1078375
1078376
1078377
1078378
1078379
1078380
1078381
1078382
1078383
1078384
1078385
1078386
1078387
1078388
1078389
1078390
1078391
1078392
1078393
1078394
1078395
1078396
1078397
1078398
1078399
1078400
1078401
1078402
1078403
1078404
1078405
1078406
1078407
1078408
1078409
1078410
1078411
1078412
1078413
1078414
1078415
1078416
1078417
1078418
1078419
1078420
1078421
1078422
1078423
1078424
1078425
1078426
1078427
1078428
1078429
1078430
1078431
1078432
1078433
1078434
1078435
1078436
1078437
1078438
1078439
1078440
1078441
1078442
1078443
1078444
1078445
1078446
1078447
1078448
1078449
1078450
1078451
1078452
1078453
1078454
1078455
1078456
1078457
1078458
1078459
1078460
1078461
1078462
1078463
1078464
1078465
1078466
1078467
1078468
1078469
1078470
1078471
1078472
1078473
1078474
1078475
1078476
1078477
1078478
1078479
1078480
1078481
1078482
1078483
1078484
1078485
1078486
1078487
1078488
1078489
1078490
1078491
1078492
1078493
1078494
1078495
1078496
1078497
1078498
1078499
1078500
1078501
1078502
1078503
1078504
1078505
1078506
1078507
1078508
1078509
1078510
1078511
1078512
1078513
1078514
1078515
1078516
1078517
1078518
1078519
1078520
1078521
1078522
1078523
1078524
1078525
1078526
1078527
1078528
1078529
1078530
1078531
1078532
1078533
1078534
1078535
1078536
1078537
1078538
1078539
1078540
1078541
1078542
1078543
1078544
1078545
1078546
1078547
1078548
1078549
1078550
1078551
1078552
1078553
1078554
1078555
1078556
1078557
1078558
1078559
1078560
1078561
1078562
1078563
1078564
1078565
1078566
1078567
1078568
1078569
1078570
1078571
1078572
1078573
1078574
1078575
1078576
1078577
1078578
1078579
1078580
1078581
1078582
1078583
1078584
1078585
1078586
1078587
1078588
1078589
1078590
1078591
1078592
1078593
1078594
1078595
1078596
1078597
1078598
1078599
1078600
1078601
1078602
1078603
1078604
1078605
1078606
1078607
1078608
1078609
1078610
1078611
1078612
1078613
1078614
1078615
1078616
1078617
1078618
1078619
1078620
1078621
1078622
1078623
1078624
1078625
1078626
1078627
1078628
1078629
1078630
1078631
1078632
1078633
1078634
1078635
1078636
1078637
1078638
1078639
1078640
1078641
1078642
1078643
1078644
1078645
1078646
1078647
1078648
1078649
1078650
1078651
1078652
1078653
1078654
1078655
1078656
1078657
1078658
1078659
1078660
1078661
1078662
1078663
1078664
1078665
1078666
1078667
1078668
1078669
1078670
1078671
1078672
1078673
1078674
1078675
1078676
1078677
1078678
1078679
1078680
1078681
1078682
1078683
1078684
1078685
1078686
1078687
1078688
1078689
1078690
1078691
1078692
1078693
1078694
1078695
1078696
1078697
1078698
1078699
1078700
1078701
1078702
1078703
1078704
1078705
1078706
1078707
1078708
1078709
1078710
1078711
1078712
1078713
1078714
1078715
1078716
1078717
1078718
1078719
1078720
1078721
1078722
1078723
1078724
1078725
1078726
1078727
1078728
1078729
1078730
1078731
1078732
1078733
1078734
1078735
1078736
1078737
1078738
1078739
1078740
1078741
1078742
1078743
1078744
1078745
1078746
1078747
1078748
1078749
1078750
1078751
1078752
1078753
1078754
1078755
1078756
1078757
1078758
1078759
1078760
1078761
1078762
1078763
1078764
1078765
1078766
1078767
1078768
1078769
1078770
1078771
1078772
1078773
1078774
1078775
1078776
1078777
1078778
1078779
1078780
1078781
1078782
1078783
1078784
1078785
1078786
1078787
1078788
1078789
1078790
1078791
1078792
1078793
1078794
1078795
1078796
1078797
1078798
1078799
1078800
1078801
1078802
1078803
1078804
1078805
1078806
1078807
1078808
1078809
1078810
1078811
1078812
1078813
1078814
1078815
1078816
1078817
1078818
1078819
1078820
1078821
1078822
1078823
1078824
1078825
1078826
1078827
1078828
1078829
1078830
1078831
1078832
1078833
1078834
1078835
1078836
1078837
1078838
1078839
1078840
1078841
1078842
1078843
1078844
1078845
1078846
1078847
1078848
1078849
1078850
1078851
1078852
1078853
1078854
1078855
1078856
1078857
1078858
1078859
1078860
1078861
1078862
1078863
1078864
1078865
1078866
1078867
1078868
1078869
1078870
1078871
1078872
1078873
1078874
1078875
1078876
1078877
1078878
1078879
1078880
1078881
1078882
1078883
1078884
1078885
1078886
1078887
1078888
1078889
1078890
1078891
1078892
1078893
1078894
1078895
1078896
1078897
1078898
1078899
1078900
1078901
1078902
1078903
1078904
1078905
1078906
1078907
1078908
1078909
1078910
1078911
1078912
1078913
1078914
1078915
1078916
1078917
1078918
1078919
1078920
1078921
1078922
1078923
1078924
1078925
1078926
1078927
1078928
1078929
1078930
1078931
1078932
1078933
1078934
1078935
1078936
1078937
1078938
1078939
1078940
1078941
1078942
1078943
1078944
1078945
1078946
1078947
1078948
1078949
1078950
1078951
1078952
1078953
1078954
1078955
1078956
1078957
1078958
1078959
1078960
1078961
1078962
1078963
1078964
1078965
1078966
1078967
1078968
1078969
1078970
1078971
1078972
1078973
1078974
1078975
1078976
1078977
1078978
1078979
1078980
1078981
1078982
1078983
1078984
1078985
1078986
1078987
1078988
1078989
1078990
1078991
1078992
1078993
1078994
1078995
1078996
1078997
1078998
1078999
1079000
1079001
1079002
1079003
1079004
1079005
1079006
1079007
1079008
1079009
1079010
1079011
1079012
1079013
1079014
1079015
1079016
1079017
1079018
1079019
1079020
1079021
1079022
1079023
1079024
1079025
1079026
1079027
1079028
1079029
1079030
1079031
1079032
1079033
1079034
1079035
1079036
1079037
1079038
1079039
1079040
1079041
1079042
1079043
1079044
1079045
1079046
1079047
1079048
1079049
1079050
1079051
1079052
1079053
1079054
1079055
1079056
1079057
1079058
1079059
1079060
1079061
1079062
1079063
1079064
1079065
1079066
1079067
1079068
1079069
1079070
1079071
1079072
1079073
1079074
1079075
1079076
1079077
1079078
1079079
1079080
1079081
1079082
1079083
1079084
1079085
1079086
1079087
1079088
1079089
1079090
1079091
1079092
1079093
1079094
1079095
1079096
1079097
1079098
1079099
1079100
1079101
1079102
1079103
1079104
1079105
1079106
1079107
1079108
1079109
1079110
1079111
1079112
1079113
1079114
1079115
1079116
1079117
1079118
1079119
1079120
1079121
1079122
1079123
1079124
1079125
1079126
1079127
1079128
1079129
1079130
1079131
1079132
1079133
1079134
1079135
1079136
1079137
1079138
1079139
1079140
1079141
1079142
1079143
1079144
1079145
1079146
1079147
1079148
1079149
1079150
1079151
1079152
1079153
1079154
1079155
1079156
1079157
1079158
1079159
1079160
1079161
1079162
1079163
1079164
1079165
1079166
1079167
1079168
1079169
1079170
1079171
1079172
1079173
1079174
1079175
1079176
1079177
1079178
1079179
1079180
1079181
1079182
1079183
1079184
1079185
1079186
1079187
1079188
1079189
1079190
1079191
1079192
1079193
1079194
1079195
)
;
flipMap         List<bool> 3894{1};
}
)

// ************************************************************************* //
