/*--------------------------------*- C++ -*----------------------------------*\
| =========                 |                                                 |
| \\      /  F ield         | OpenFOAM: The Open Source CFD Toolbox           |
|  \\    /   O peration     | Version:  v2012                                 |
|   \\  /    A nd           | Website:  www.openfoam.com                      |
|    \\/     M anipulation  |                                                 |
\*---------------------------------------------------------------------------*/
FoamFile
{
    version     2.0;
    format      ascii;
    class       regIOobject;
    location    "constant/polyMesh";
    object      faceZones;
}
// * * * * * * * * * * * * * * * * * * * * * * * * * * * * * * * * * * * * * //

1
(
ellipse_to_fluid
{
    type faceZone;
faceLabels      List<label> 
3894
(
488037
488039
488041
488043
488281
488287
488517
488518
488519
488526
488754
488767
489006
489011
489239
489252
489253
489257
489489
489491
489739
489741
489742
489748
489751
489752
489993
489994
489998
502719
502720
502723
503195
503196
503197
503940
503941
503942
503970
504222
504225
504226
504976
504979
504980
505475
505476
505477
505705
505706
505709
505712
505714
505716
517713
517714
517716
517719
517952
517954
518445
518935
518936
519179
519456
519714
519930
520178
520208
520433
520459
520678
533186
533187
533189
533434
533436
533661
533664
534210
534432
534435
534436
534474
534476
534700
534728
534730
535483
535485
535964
535973
536198
536204
548891
549132
549135
549136
549138
549140
549389
549394
549395
549634
549637
549645
549649
549650
549651
549882
549886
549892
549893
549895
550129
550133
550139
550371
550374
550375
550376
550377
550621
1018815
1018821
1018828
1018865
1018876
1018877
1018878
1018905
1018911
1018912
1018915
1018917
1018949
1018950
1018953
1018961
1018978
1018981
1018983
1018988
1018992
1018994
1019014
1019018
1019022
1019024
1019025
1019030
1019047
1019051
1019052
1019057
1019062
1019063
1019071
1019073
1019076
1019077
1019079
1019085
1019086
1019087
1019091
1019092
1019132
1019133
1019134
1019135
1019142
1019143
1019144
1019147
1019174
1019176
1019178
1019185
1019186
1019190
1019191
1019193
1019197
1019200
1019203
1019220
1019225
1019231
1019259
1019261
1019262
1019264
1019270
1019297
1019301
1019304
1019307
1019327
1019337
1019339
1019383
1019387
1019393
1019415
1019416
1019420
1019421
1019425
1019446
1019455
1019456
1019499
1019503
1019509
1019532
1019533
1019538
1019605
1019646
1019687
1019713
1019716
1019718
1019720
1019724
1019729
1019732
1019777
1019786
1019787
1019790
1019791
1019831
1019832
1019837
1019838
1019845
1019923
1020147
1020149
1020151
1020160
1020164
1020167
1020176
1020178
1020194
1020195
1020213
1020223
1020243
1020245
1020285
1020316
1020319
1020324
1020415
1020420
1020452
1020454
1020466
1020472
1020473
1020481
1020482
1020517
1020519
1020537
1020547
1020570
1020571
1020574
1020584
1020585
1020937
1021022
1021023
1021024
1021026
1021032
1021068
1021069
1021108
1021115
1021120
1021142
1021187
1021194
1021199
1021201
1021217
1021224
1021229
1021230
1021247
1021253
1021254
1021294
1021303
1021341
1021348
1021353
1021354
1021355
1021384
1021389
1021396
1021410
1021415
1021422
1021435
1021440
1021447
1021448
1021458
1021461
1021463
1021466
1021467
1021470
1021478
1021479
1021480
1021504
1021505
1021506
1021515
1021517
1021520
1021528
1021532
1021535
1021542
1021546
1021553
1021557
1021570
1021578
1021582
1021585
1021596
1021603
1021606
1021619
1021626
1021628
1021630
1021641
1021649
1021653
1021668
1021675
1021679
1021692
1021700
1021704
1021716
1021722
1021725
1021728
1021735
1021739
1021742
1021745
1021749
1021752
1021760
1021761
1021771
1021772
1021785
1021787
1021790
1021791
1021800
1021801
1021813
1021815
1021817
1021818
1021828
1021833
1021834
1021839
1021840
1021841
1021846
1021855
1021857
1021858
1021865
1021866
1021873
1021881
1021882
1021883
1021889
1021890
1021894
1021901
1021906
1021921
1021927
1021932
1021947
1021954
1021959
1021974
1021980
1021984
1022000
1022006
1022009
1022010
1022023
1022029
1022032
1022053
1022055
1022059
1022066
1022072
1022078
1022081
1022095
1022101
1022104
1022115
1022120
1022124
1022137
1022144
1022148
1022171
1022176
1022180
1022190
1022191
1022195
1022202
1022206
1022212
1022215
1022229
1022235
1022238
1022652
1022663
1022698
1022741
1022742
1022752
1022753
1022754
1022771
1022775
1022780
1022785
1022842
1022887
1022888
1022899
1022901
1022916
1022921
1022926
1022932
1022958
1022961
1022964
1022968
1022970
1023008
1023009
1023010
1023017
1023019
1023037
1023042
1023045
1023047
1023052
1023054
1023055
1023086
1023087
1023088
1023095
1023130
1023142
1023172
1023177
1023256
1023413
1023414
1023417
1023418
1023419
1023423
1023445
1023448
1023449
1023451
1023460
1023499
1023500
1023501
1023537
1023538
1023542
1023559
1023563
1023565
1023586
1023637
1023638
1023665
1023668
1023675
1023676
1023683
1023684
1023688
1023689
1023694
1023706
1023723
1023818
1023821
1023835
1023844
1023845
1023849
1023853
1023855
1023860
1023861
1023862
1023889
1023896
1023897
1023962
1023976
1023978
1023993
1024001
1024006
1024008
1024010
1024022
1024029
1024031
1024093
1024102
1024104
1024160
1024162
1024168
1024175
1024177
1024178
1024185
1024200
1024257
1024285
1024286
1024294
1024344
1024345
1024358
1024360
1024491
1024501
1024503
1024513
1024515
1024516
1024592
1024593
1024606
1024611
1024612
1024694
1024695
1024696
1024739
1024752
1024810
1024811
1024885
1024887
1024965
1024967
1024969
1025022
1025069
1025070
1025071
1025115
1025124
1025126
1025139
1025222
1025224
1025225
1025226
1025235
1025257
1025260
1025317
1025318
1025320
1025355
1025356
1025372
1025374
1025400
1025403
1025409
1025438
1025439
1025441
1025442
1025444
1025445
1025523
1025526
1025528
1025529
1025740
1025741
1025745
1025755
1025783
1025901
1025996
1026002
1026006
1026023
1026024
1026051
1026064
1026117
1026118
1026119
1026125
1026129
1026237
1026250
1026343
1026365
1026439
1026452
1026537
1026547
1026548
1026555
1026556
1026614
1026628
1026687
1026688
1026694
1026698
1026710
1026808
1026827
1026834
1026844
1026853
1026925
1026926
1026948
1026975
1026985
1027067
1027074
1027076
1027084
1027099
1027114
1027115
1027213
1027224
1027236
1027250
1027361
1027372
1027389
1027390
1027391
1027419
1027446
1027456
1027517
1027528
1027535
1027540
1027551
1027555
1027675
1027678
1027787
1027897
1027898
1027908
1027909
1027916
1027918
1027926
1027928
1027931
1027934
1027936
1027939
1027943
1028171
1028172
1028180
1028259
1028261
1028262
1028373
1028376
1028451
1028490
1028504
1028506
1028510
1028517
1028527
1028589
1028598
1028613
1028626
1028628
1028629
1028680
1028690
1028802
1028815
1028828
1028838
1028911
1028934
1028961
1028969
1028971
1028979
1029005
1029055
1029064
1029079
1029092
1029094
1029095
1029196
1029204
1029212
1029215
1029222
1029239
1029242
1029254
1029304
1029336
1029337
1029338
1029345
1029354
1029355
1029430
1029444
1029502
1029510
1029511
1029613
1029639
1029661
1029665
1029755
1029797
1029830
1029831
1029832
1029854
1029855
1029919
1029946
1029947
1029964
1029966
1029967
1029971
1030088
1030090
1030092
1030139
1030155
1030157
1030163
1030169
1030195
1030252
1030265
1030281
1030286
1030287
1030288
1030295
1030296
1030297
1030450
1030451
1030488
1030490
1030492
1030494
1030564
1030566
1030567
1030568
1030570
1030608
1030627
1030649
1030650
1030687
1030688
1030690
1030751
1030756
1030761
1030763
1030779
1030788
1030790
1030791
1030795
1030855
1030856
1030907
1030917
1030919
1030920
1030954
1030955
1030956
1030958
1030963
1030969
1030997
1031001
1031008
1031010
1031052
1031054
1031131
1031137
1031138
1031205
1031206
1031216
1031217
1031265
1031279
1031287
1031288
1031290
1031321
1031322
1031323
1031356
1031358
1031367
1031372
1031373
1031422
1031462
1031470
1031473
1031478
1031480
1031496
1031572
1031573
1031612
1031616
1031617
1031618
1031624
1031625
1031628
1031635
1031639
1031645
1031646
1031649
1031703
1031704
1031712
1031760
1031761
1031768
1031799
1031809
1031810
1031811
1031812
1031823
1031843
1031911
1031919
1031932
1031943
1031944
1031946
1031947
1031950
1031960
1032069
1032072
1032082
1032083
1032086
1032123
1032124
1032128
1032129
1032136
1032141
1032148
1032150
1032229
1032230
1032282
1032304
1032309
1032310
1032315
1032332
1032373
1032374
1032375
1032430
1032431
1032433
1032434
1032437
1032458
1032459
1032461
1032753
1032836
1032837
1032838
1032876
1032878
1032882
1032904
1032905
1032993
1032998
1033004
1033006
1033011
1033017
1033022
1033037
1033038
1033059
1033063
1033125
1033131
1033134
1033137
1033154
1033171
1033174
1033196
1033202
1033206
1033292
1033294
1033296
1033309
1033313
1033314
1033760
1033763
1033776
1033778
1033793
1033796
1033812
1033819
1033825
1033827
1033829
1033861
1033865
1033866
1033869
1033899
1033906
1033909
1033919
1033928
1033929
1033931
1033945
1033949
1033952
1033960
1033967
1033970
1033974
1033983
1033990
1033993
1033994
1034006
1034017
1034019
1034025
1034028
1034031
1034045
1034050
1034053
1034055
1034063
1034078
1034079
1034084
1034085
1034090
1034092
1034095
1034103
1034109
1034112
1034114
1034116
1034123
1034128
1034130
1034132
1034136
1034144
1034146
1034152
1034154
1034156
1034158
1034161
1034168
1034175
1034176
1034190
1034191
1034203
1034213
1034214
1034225
1034228
1034238
1034240
1034242
1034250
1034251
1034258
1034267
1034269
1034270
1034277
1034282
1034283
1034284
1034304
1034305
1034306
1034322
1034327
1034331
1034364
1034368
1034370
1034373
1034383
1034388
1034390
1034392
1034411
1034416
1034420
1034424
1034430
1034432
1034435
1034447
1034451
1034453
1034456
1034458
1034508
1034513
1034517
1034530
1034536
1034539
1034540
1034542
1034547
1034553
1034558
1034560
1034562
1034565
1034572
1034584
1034588
1034594
1034603
1034644
1034653
1034657
1034678
1034688
1034692
1034714
1034723
1034727
1034740
1034748
1034758
1034762
1034771
1034784
1034793
1034797
1034839
1034846
1034849
1034863
1034869
1034873
1034876
1034884
1034890
1034894
1034906
1034914
1034916
1034917
1034932
1034950
1034960
1034961
1034983
1034984
1035053
1035054
1035074
1035076
1035079
1035080
1035088
1035090
1035115
1035116
1035130
1035226
1035384
1035385
1035386
1035387
1035395
1035397
1035399
1035400
1035403
1035405
1035414
1035415
1035419
1035423
1035434
1035438
1035440
1035443
1035452
1035460
1035485
1035486
1035490
1035528
1035529
1035532
1035549
1035553
1035556
1035561
1035562
1035563
1035567
1035589
1035594
1035597
1035599
1035610
1035611
1035622
1035627
1035637
1035641
1035642
1035644
1035648
1035658
1035659
1035690
1035691
1035714
1035718
1035719
1035724
1035725
1035726
1035730
1035732
1035735
1035751
1035752
1035843
1035845
1035849
1035851
1035854
1035861
1035868
1035869
1035876
1035881
1035883
1035885
1035891
1035905
1035915
1035934
1035937
1035938
1035944
1035947
1035948
1035951
1035953
1035957
1035964
1035968
1035971
1035973
1035976
1035977
1036000
1036002
1036006
1036007
1036018
1036035
1036043
1036044
1036045
1036048
1036051
1036055
1036057
1036058
1036093
1036094
1036117
1036118
1036131
1036135
1036136
1036158
1036162
1036163
1036164
1036168
1036172
1036173
1036189
1036307
1036308
1036310
1036311
1036314
1036315
1036323
1036324
1036328
1036331
1036341
1036363
1036364
1036367
1036368
1036370
1036374
1036454
1036455
1036458
1036462
1036463
1036470
1036471
1036475
1036493
1036496
1036497
1036499
1036500
1036506
1036508
1036607
1036618
1036622
1036624
1036630
1036631
1036647
1036649
1036650
1036653
1036656
1036666
1036675
1036685
1036688
1036689
1036703
1036705
1036721
1036741
1036753
1036755
1036775
1036786
1036789
1036792
1036793
1036809
1036811
1036820
1036824
1036830
1036835
1036839
1036848
1036870
1036879
1036881
1037413
1037414
1037415
1037432
1037435
1037437
1037438
1037440
1037449
1037454
1037457
1037463
1037541
1037545
1037552
1037554
1037581
1037585
1037587
1037642
1037647
1037671
1037672
1037676
1037678
1037752
1037777
1037778
1037782
1037784
1037806
1037808
1037822
1037823
1037829
1037833
1037835
1037845
1037846
1037850
1037852
1037857
1037859
1037866
1037869
1037871
1037878
1037903
1037905
1037913
1037916
1037920
1037922
1037954
1037961
1037964
1037966
1037972
1037973
1037976
1037977
1037981
1038012
1038014
1038022
1038023
1038026
1038034
1038035
1038108
1038111
1038112
1038119
1038121
1038127
1038163
1038168
1038175
1038176
1038196
1038197
1038198
1038202
1038203
1038250
1038256
1038258
1038262
1038269
1038272
1038277
1038287
1038292
1038299
1038306
1038309
1038310
1038313
1038315
1038318
1038320
1038331
1038360
1038362
1038367
1038377
1038379
1038389
1038390
1038396
1038398
1038400
1038402
1038436
1038437
1038438
1038442
1038445
1038479
1038491
1038497
1038504
1038517
1038519
1038523
1038526
1038594
1038595
1038596
1038598
1038599
1038610
1038611
1038612
1038617
1038620
1038640
1038648
1038650
1038651
1038653
1038656
1038658
1038670
1038671
1038686
1038689
1038792
1038794
1038803
1038804
1038807
1038851
1038852
1038856
1038857
1038865
1038911
1038921
1038931
1038950
1039001
1039011
1039020
1039024
1039025
1039028
1039029
1039034
1039039
1039045
1039090
1039095
1039097
1039106
1039107
1039110
1039156
1039161
1039167
1039171
1039172
1039175
1039177
1039181
1039195
1039280
1039290
1039292
1039294
1039306
1039335
1039341
1039351
1039355
1039436
1039445
1039446
1039447
1039455
1039467
1039470
1039471
1039550
1039557
1039566
1039567
1039568
1039574
1039576
1039581
1039584
1039590
1039596
1039636
1039646
1039648
1039650
1039662
1039688
1039690
1039695
1039698
1039704
1039710
1039819
1039829
1039831
1039835
1039845
1039848
1039849
1039850
1039855
1039865
1039866
1039869
1039877
1039878
1039881
1039936
1039937
1039947
1039951
1039960
1039962
1039966
1039979
1039980
1039983
1039984
1039988
1039989
1040003
1040153
1040159
1040225
1040232
1040242
1040243
1040245
1040344
1040354
1040356
1040358
1040370
1040435
1040452
1040503
1040515
1040516
1040517
1040522
1040532
1040535
1040590
1040607
1040616
1040625
1040630
1040668
1040675
1040685
1040688
1040734
1040739
1040745
1040750
1040753
1040759
1040764
1040772
1040774
1040879
1040888
1040893
1040942
1040949
1040951
1040954
1040956
1040964
1040967
1040990
1040999
1041004
1041128
1041129
1041131
1041139
1041144
1041151
1041154
1041160
1041164
1041165
1041168
1041169
1041172
1041174
1041182
1041185
1041186
1041271
1041272
1041273
1041278
1041283
1041285
1041287
1041294
1041304
1041306
1041317
1041318
1041319
1041377
1041378
1041379
1041385
1041386
1041388
1041416
1041418
1041422
1041424
1041433
1041435
1041438
1041445
1041468
1041469
1041472
1041474
1041476
1041478
1041480
1041481
1041492
1041497
1041499
1041504
1041507
1041513
1041516
1041519
1041525
1041586
1041587
1041592
1041593
1041595
1041597
1041602
1041605
1041611
1041614
1041617
1041623
1041685
1041690
1041692
1041701
1041702
1041703
1041711
1041717
1041718
1041720
1041725
1041728
1041730
1041736
1041737
1041756
1041758
1041766
1041768
1041770
1041778
1041779
1041795
1041796
1041799
1041803
1041811
1041826
1041847
1041849
1041862
1041863
1041951
1041962
1041963
1041966
1041967
1041968
1041972
1041973
1041975
1041977
1041985
1042034
1042043
1042059
1042103
1042135
1042141
1042143
1042144
1042146
1042151
1042154
1042160
1042164
1042166
1042167
1042168
1042172
1042173
1042189
1042190
1042192
1042201
1042202
1042205
1042207
1042215
1042219
1042220
1042221
1042239
1042244
1042245
1042247
1042248
1042299
1042468
1042473
1042480
1042494
1042499
1042506
1042558
1042565
1042567
1042570
1042572
1042595
1042600
1042601
1042602
1042607
1042631
1042651
1042659
1042666
1042733
1042746
1042749
1042990
1043008
1043044
1043052
1043056
1043068
1043073
1043074
1043079
1043091
1043092
1043096
1043101
1043147
1043154
1043158
1043167
1043171
1043177
1043183
1043190
1043193
1043207
1043212
1043213
1043241
1043282
1043283
1043284
1043293
1043308
1043312
1043322
1043323
1043329
1043334
1043380
1043385
1043389
1043403
1043405
1043408
1043419
1043426
1043429
1043442
1043447
1043451
1043461
1043468
1043472
1043477
1043483
1043484
1043495
1043501
1043504
1043511
1043515
1043518
1043523
1043534
1043539
1043542
1043571
1043575
1043576
1043582
1043597
1043601
1043611
1043612
1043616
1043619
1043622
1043629
1043632
1043643
1043650
1043653
1043656
1043666
1043673
1043676
1043679
1043689
1043696
1043698
1043700
1043702
1043738
1043755
1043759
1043763
1043791
1043796
1043800
1043830
1043834
1043837
1043864
1043869
1043873
1043883
1043888
1043892
1043902
1043906
1043910
1043992
1043997
1044000
1044008
1044009
1044013
1044017
1044024
1044029
1044032
1044042
1044043
1044046
1044054
1044055
1044059
1044060
1044061
1044062
1044082
1044092
1044095
1044098
1044120
1044122
1044132
1044134
1044136
1044139
1044143
1044153
1044156
1044159
1044169
1044183
1044184
1044186
1044188
1044189
1044191
1044227
1044231
1044241
1044242
1044257
1044278
1044279
1044286
1044287
1044289
1044290
1044306
1044307
1044308
1044312
1044316
1044319
1044321
1044326
1044331
1044333
1044334
1044342
1044346
1044347
1044350
1044353
1044358
1044363
1044364
1044372
1044373
1044381
1044385
1044394
1044395
1044441
1044442
1044451
1044454
1044456
1044459
1044464
1044470
1044476
1044479
1044480
1044488
1044489
1044493
1044520
1044528
1044545
1044561
1044578
1044579
1044591
1044592
1044594
1044595
1044597
1044598
1044599
1044605
1044625
1044629
1044631
1044632
1044637
1044638
1044647
1044656
1044657
1044660
1044661
1044670
1044672
1044681
1044685
1044686
1044687
1044693
1044697
1044698
1044700
1044723
1044732
1044735
1044738
1044743
1044745
1044747
1044753
1044754
1044755
1044763
1044767
1044773
1044776
1044778
1044785
1044788
1044836
1044837
1044840
1044841
1044844
1044846
1044848
1044854
1044872
1044874
1044877
1044882
1044884
1044889
1044911
1044914
1044930
1044931
1044935
1044967
1044977
1044980
1044982
1044985
1044986
1044990
1044992
1044994
1044996
1045016
1045022
1045024
1045027
1045033
1045036
1045050
1045051
1045054
1045055
1045058
1045061
1045063
1045071
1045089
1045091
1045094
1045102
1045105
1045109
1045126
1045130
1045132
1045133
1045139
1045150
1045154
1045157
1045161
1045170
1045171
1045176
1045184
1045192
1045193
1045195
1045202
1045205
1045212
1045213
1045221
1045224
1045231
1045232
1045251
1045254
1045256
1045273
1045278
1045285
1045288
1045290
1045294
1045295
1045296
1045300
1045309
1045320
1045342
1045346
1045353
1045357
1045384
1045385
1045394
1045411
1045429
1045441
1045449
1045454
1045459
1045460
1045461
1045467
1045471
1045481
1045488
1045492
1045493
1045497
1045501
1045506
1045513
1045518
1045519
1045520
1045533
1045535
1045537
1045545
1045547
1045553
1045565
1045566
1045568
1045569
1045577
1045581
1045582
1045586
1045596
1045606
1045614
1045615
1045618
1045624
1045639
1045640
1045641
1045658
1045674
1045681
1045682
1045683
1045686
1045697
1045700
1045701
1045709
1045729
1045730
1045739
1045740
1045743
1045744
1045746
1045748
1045851
1045854
1045856
1045863
1045873
1045875
1045878
1045881
1045888
1045893
1045904
1045907
1045911
1045918
1045921
1045929
1045934
1045937
1045939
1045947
1046002
1046015
1046016
1046018
1046019
1046023
1046028
1046029
1046032
1046035
1046043
1046068
1046072
1046076
1046081
1046082
1046085
1046107
1046108
1046199
1046213
1046215
1046218
1046225
1046235
1046249
1046257
1046264
1046268
1046276
1046279
1046281
1046283
1046290
1046292
1046298
1046314
1046318
1046331
1046335
1046348
1046349
1046351
1046352
1046364
1046370
1046373
1046374
1046376
1046379
1046403
1046408
1046410
1046412
1046414
1046421
1046446
1046447
1046517
1046522
1046525
1046532
1046542
1046545
1046547
1046548
1046556
1046560
1046561
1046565
1046568
1046575
1046576
1046586
1046592
1046596
1046599
1046600
1046601
1046603
1046607
1046636
1046637
1046662
1046666
1046679
1046680
1046682
1046683
1046695
1046701
1046704
1046705
1046707
1046710
1046734
1046739
1046741
1046743
1046745
1046752
1046772
1046778
1046780
1046781
1046785
1046797
1046836
1046839
1046852
1046863
1046867
1046869
1046872
1046879
1046884
1046887
1046891
1046898
1046900
1046901
1046930
1046935
1046936
1046938
1046945
1046946
1046948
1046950
1046982
1046986
1047002
1047015
1047021
1047024
1047025
1047027
1047030
1047059
1047061
1047063
1047064
1047066
1047073
1047075
1047079
1047085
1047087
1047096
1047097
1047098
1047110
1047113
1047114
1047115
1047116
1047121
1047125
1047132
1047137
1047193
1047195
1047199
1047206
1047212
1047213
1047215
1047219
1047226
1047232
1047233
1047234
1047235
1047247
1047251
1047253
1047303
1047304
1047313
1047316
1047317
1047318
1047325
1047329
1047330
1047331
1047332
1047343
1047362
1047363
1047374
1047384
1047388
1047390
1047391
1047392
1047401
1047416
1047417
1047425
1047433
1047435
1047437
1047461
1047473
1047478
1047481
1047483
1047488
1047513
1047520
1047521
1047525
1047532
1047537
1047539
1047547
1047553
1047554
1047564
1047567
1047569
1047572
1047580
1047582
1047584
1047588
1047591
1047594
1047597
1047604
1047611
1047624
1047625
1047626
1047649
1047650
1047686
1047694
1047695
1047702
1047703
1047706
1047724
1047725
1047729
1047730
1047748
1047757
1047761
1047765
1047768
1047769
1047773
1047812
1047813
1047859
1047862
1047864
1047867
1047869
1047877
1047896
1047902
1047904
1047907
1047913
1047929
1047930
1047934
1047951
1047952
1047954
1047958
1047999
1048000
1048014
1048015
1048022
1048026
1048029
1048052
1048053
1048054
1048059
1048060
1048062
1048065
1048086
1048091
1048092
1048094
1048105
1048106
1048107
1048124
1048137
1048141
1048145
1048146
1048153
1048156
1048185
1048188
1048195
1048222
1048226
1048230
1048261
1048264
1048269
1048270
1048278
1048287
1048296
1048301
1048302
1048307
1048308
1048328
1048339
1048343
1048347
1048350
1048351
1048353
1048355
1048386
1048388
1048392
1048397
1048415
1048419
1048423
1048424
1048431
1048434
1048460
1048463
1048470
1048497
1048501
1048505
1048515
1048519
1048525
1048530
1048537
1048538
1048544
1048545
1048547
1048550
1048574
1048580
1048584
1048586
1048587
1048605
1048606
1048607
1048609
1048613
1048641
1048643
1048644
1048647
1048652
1048664
1048670
1048674
1048676
1048681
1048692
1048712
1048715
1048722
1048749
1048753
1048757
1048765
1048784
1048789
1048810
1048824
1048828
1048834
1048859
1048860
1048872
1048876
1048881
1048885
1048923
1048928
1048929
1048935
1048938
1048962
1048972
1048974
1048983
1048984
1048998
1049007
1049010
1049012
1049044
1049045
1049047
1049052
1049053
1049059
1049070
1049075
1049076
1049082
1049119
1049123
1049127
1049187
1049191
1049198
1049225
1049226
1049231
1049235
1049237
1049255
1049257
1049260
1049268
1049275
1049294
1049295
1049296
1049299
1049303
1049315
1049330
1049332
1049336
1049340
1049341
1049354
1049366
1049368
1049372
1049376
1049390
1049399
1049402
1049404
1049447
1049454
1049457
1049466
1049493
1049496
1049500
1049507
1049535
1049539
1049543
1049574
1049580
1049584
1049586
1049607
1049613
1049617
1049619
1049640
1049649
1049650
1049655
1049656
1049657
1049676
1049683
1049687
1049694
1049717
1049720
1049725
1049727
1049741
1049748
1049750
1049751
1049754
1049759
1049762
1049764
1049765
1049851
1049852
1049860
1049861
1049863
1049866
1049888
1049892
1049899
1049923
1049928
1049931
1049943
1049946
1049948
1049953
1049962
1049964
1049965
1049967
1049974
1049981
1050022
1050024
1050025
1050032
1050038
1050043
1050052
1050053
1050055
1050056
1050057
1050114
1050115
1050123
1050124
1050126
1050129
1050151
1050155
1050161
1050167
1050172
1050176
1050235
1050243
1050244
1050247
1050257
1050268
1050293
1050297
1050304
1050308
1050339
1050340
1050341
1050368
1050369
1050377
1050378
1050380
1050383
1050405
1050409
1050416
1050440
1050445
1050449
1050477
1050479
1050480
1050482
1050488
1050490
1050500
1050505
1050506
1050512
1050515
1050520
1050537
1050542
1050543
1050549
1050573
1050577
1050582
1050583
1050590
1050594
1050632
1050644
1050648
1050658
1050662
1050665
1050671
1050674
1050675
1050682
1050710
1050711
1050714
1050716
1050717
1050719
1050724
1050747
1050762
1050773
1050774
1050775
1050776
1050777
1050784
1050785
1050788
1050791
1050801
1050804
1050821
1050822
1050830
1050831
1050833
1050834
1050836
1050837
1050886
1050890
1050901
1050907
1050910
1050911
1050913
1050916
1050926
1050941
1050942
1050944
1050949
1050952
1050954
1050962
1050966
1050967
1050968
1050969
1050970
1050977
1050978
1050979
1050988
1051008
1051018
1051025
1051027
1051029
1051058
1051060
1051061
1051068
1051074
1051079
1051083
1051085
1051086
1051089
1051095
1051112
1051123
1051125
1051127
1051129
1051130
1051144
1051160
1051187
1051191
1051196
1051198
1051206
1051207
1051220
1051223
1051224
1051233
1051234
1051244
1051245
1051250
1051251
1051254
1051261
1051266
1051285
1051292
1051295
1051305
1051309
1051317
1051338
1051346
1051349
1051350
1051352
1051355
1051381
1051388
1051390
1051392
1051394
1051401
1051436
1051437
1051446
1051470
1051473
1051478
1051480
1051487
1051494
1051503
1051506
1051507
1051510
1051515
1051518
1051520
1051528
1051566
1051571
1051575
1051602
1051605
1051612
1051629
1051635
1051638
1051639
1051641
1051644
1051668
1051673
1051675
1051677
1051679
1051686
1051710
1051712
1051713
1051715
1051722
1051749
1051763
1051766
1051776
1051777
1051787
1051789
1051791
1051793
1051800
1051802
1051803
1051808
1051824
1051827
1051832
1051836
1051863
1051866
1051873
1051879
1051890
1051896
1051899
1051900
1051902
1051905
1051929
1051932
1051934
1051936
1051937
1051938
1051980
1051987
1051990
1051999
1052010
1052029
1052033
1052040
1052044
1052075
1052076
1052088
1052092
1052098
1052103
1052110
1052116
1052120
1052122
1052143
1052149
1052153
1052155
1052176
1052185
1052186
1052191
1052193
1052194
1052212
1052219
1052223
1052230
1052253
1052256
1052263
1052277
1052284
1052286
1052287
1052290
1052295
1052298
1052300
1052361
1052362
1052369
1052373
1052376
1052397
1052398
1052405
1052409
1052412
1052433
1052438
1052442
1052443
1052468
1052471
1052472
1052478
1052490
1052496
1052500
1052502
1052541
1052543
1052546
1052548
1052549
1052562
1052574
1052579
1052584
1052589
1052611
1052636
1052650
1052654
1052655
1052660
1052681
1052685
1052690
1052694
1052698
1052702
1052707
1052711
1052749
1052754
1052755
1052761
1052764
1052785
1052797
1052799
1052814
1052815
1052820
1052824
1052833
1052836
1052838
1052852
1052854
1052864
1052870
1052871
1052873
1052877
1052885
1052896
1052901
1052902
1052908
1052934
1052945
1052949
1052953
1052956
1052957
1052962
1053013
1053017
1053024
1053054
1053055
1053060
1053064
1053066
1053076
1053084
1053086
1053089
1053096
1053098
1053104
1053123
1053124
1053125
1053128
1053132
1053136
1053144
1053150
1053154
1053156
1053157
1053177
1053183
1053189
1053190
1053191
1053195
1053198
1053211
1053212
1053213
1053215
1053219
1053268
1053272
1053279
1053304
1053305
1053308
1053311
1053313
1053321
1053339
1053341
1053344
1053351
1053353
1053359
1053383
1053391
1053392
1053395
1053416
1053431
1053432
1053435
1053436
1053442
1053474
1053478
1053483
1053487
1053523
1053527
1053534
1053541
1053559
1053560
1053563
1053566
1053568
1053576
1053593
1053594
1053595
1053596
1053608
1053612
1053614
1053628
1053630
1053633
1053640
1053643
1053663
1053671
1053674
1053675
1053676
1053677
1053680
1053714
1053717
1053718
1053719
1053720
1053724
1053725
1053738
1053747
1053748
1053753
1053754
1053755
1053756
1053791
1053796
1053800
1053804
1053812
1053822
1053828
1053834
1053841
1053847
1053848
1053850
1053852
1053867
1053871
1053877
1053879
1053881
1053883
1053924
1053925
1053938
1053943
1053963
1053964
1053965
1053970
1053980
1053981
1053999
1054000
1054002
1054003
1054008
1054009
1054012
1054013
1054048
1054049
1054085
1054086
1054107
1054108
1054126
1054128
1054131
1054134
1054141
1054143
1054145
1054146
1054148
1054155
1054162
1054166
1054175
1054178
1054180
1054204
1054205
1054215
1054218
1054220
1054223
1054226
1054241
1054251
1054253
1054255
1054257
1054259
1054266
1054268
1054269
1054274
1054319
1054320
1054331
1054354
1054355
1054376
1054377
1054383
1054388
1054401
1054405
1054409
1054411
1054412
1054413
1054423
1054426
1054428
1054437
1054438
1054447
1054490
1054491
1054492
1054507
1054508
1054515
1054520
1054523
1054534
1054539
1054542
1054544
1054545
1054553
1054560
1054565
1054567
1054585
1054587
1054589
1054608
1054615
1054620
1054624
1054628
1054633
1054634
1054635
1054654
1054661
1054664
1054667
1054675
1054677
1054678
1054680
1054686
1054709
1054710
1054717
1054718
1054720
1054721
1054722
1054723
1054773
1054780
1054805
1054810
1054812
1054815
1054819
1054821
1054826
1054828
1054830
1054831
1054838
1054841
1054850
1054852
1054855
1054863
1054877
1054884
1054886
1054888
1054890
1054927
1054932
1054936
1054946
1054951
1054955
1054966
1054970
1054973
1054983
1054989
1054993
1054998
1055000
1055003
1055010
1055023
1055028
1055031
1055032
1055035
1055039
1055042
1055047
1055049
1055050
1055068
1055069
1055077
1055078
1055080
1055081
1055083
1055084
1055134
1055135
1055144
1055156
1055164
1055167
1055170
1055171
1055174
1055175
1055178
1055188
1055189
1055197
1055202
1055203
1055206
1055209
1055211
1055219
1055221
1055233
1055238
1055242
1055244
1055247
1055250
1055257
1055264
1055273
1055280
1055283
1055378
1055382
1055383
1055384
1055390
1055393
1055401
1055412
1055416
1055423
1055426
1055427
1055430
1055434
1055448
1055449
1055457
1055458
1055460
1055461
1055463
1055464
1055506
1055509
1055511
1055516
1055525
1055528
1055530
1055534
1055543
1055552
1055564
1055567
1055570
1055574
1055591
1055593
1055595
1055596
1055599
1055606
1055676
1055681
1055704
1055705
1055716
1055720
1055731
1055741
1055742
1055744
1055745
1055752
1055753
1055754
1055774
1055775
1055838
1055849
1055856
1055857
1055860
1055866
1055878
1055884
1055886
1055894
1055897
1055903
1055907
1055910
1055914
1055923
1055924
1055925
1055935
1055952
1055957
1055964
1055972
1055973
1055974
1055976
1055977
1055989
1055994
1056001
1056006
1056009
1056011
1056023
1056024
1056027
1056036
1056038
1056039
1056042
1056062
1056077
1056078
1056099
1056101
1056107
1056108
1056109
1056119
1056121
1056123
1056131
1056138
1056139
1056142
1056147
1056154
1056155
1056162
1056165
1056169
1056182
1056183
1056191
1056192
1056194
1056199
1056200
1056228
1056229
1056235
1056250
1056252
1056253
1056255
1056256
1056306
1056339
1056349
1056356
1056362
1056363
1056371
1056378
1056379
1056380
1056385
1056386
1056388
1056389
1056391
1056412
1056414
1056419
1056432
1056435
1056439
1056451
1056453
1056455
1056457
1056460
1056469
1056479
1056482
1056484
1056485
1056492
1056495
1056496
1056499
1056505
1056517
1056527
1056532
1056534
1056536
1056541
1056546
1056547
1056572
1056574
1056575
1056577
1056578
1056621
1056622
1056623
1056627
1056628
1056648
1056651
1056652
1056655
1056660
1056662
1056668
1056669
1056675
1056686
1056687
1056694
1056695
1056696
1056698
1056700
1056707
1056712
1056732
1056733
1056757
1056759
1056763
1056768
1056770
1056775
1056785
1056788
1056790
1056791
1056798
1056801
1056802
1056805
1056815
1056823
1056838
1056854
1056861
1056863
1056866
1056873
1056880
1056887
1056896
1056899
1056900
1056903
1056905
1056906
1056908
1056911
1056922
1056930
1056932
1056933
1056961
1056971
1056972
1056973
1056977
1056987
1056990
1056991
1056992
1056996
1057003
1057006
1057007
1057010
1057011
1057018
1057021
1057022
1057023
1057029
1057030
1057031
1057036
1057043
1057044
1057057
1057065
1057066
1057067
1057071
1057075
1057076
1057091
1057092
1057093
1057095
1057098
1057101
1057120
1057124
1057127
1057144
1057145
1057146
1057147
1057149
1057150
1057151
1057161
1057162
1057170
1057174
1057199
1057207
1057209
1057211
1057226
1057233
1057236
1057237
1057239
1057240
1057242
1057257
1057264
1057267
1057281
1057298
1057299
1057300
1057304
1057338
1057353
1057359
1057363
1057372
1057373
1057378
1057379
1057380
1057381
1057384
1057391
1057394
1057404
1057405
1057406
1057408
1057409
1057410
1057423
1057424
1057425
1057426
1057429
1057474
1057475
1057531
1057541
1057542
1057550
1057552
1057553
1057554
1057556
1057558
1057564
1057573
1057574
1057575
1057580
1057627
1057633
1057634
1057642
1057647
1057650
1057656
1057660
1057791
1057886
1057889
1057895
1057897
1057906
1057915
1057920
1057923
1057931
1057935
1057965
1057966
)
;
flipMap         List<bool> 
3894
(
1
1
1
1
0
0
1
1
1
0
0
0
0
0
1
1
1
1
1
1
1
1
0
0
0
0
1
0
0
0
0
0
1
1
1
0
0
0
0
0
0
0
0
0
0
0
0
0
0
0
0
0
0
0
1
1
1
1
0
0
0
1
1
0
0
1
1
1
0
1
1
1
0
1
1
0
0
1
1
0
1
1
1
0
0
0
1
1
1
1
0
1
1
1
1
1
1
1
1
1
0
0
0
1
1
0
0
0
0
0
0
0
1
1
0
0
0
0
0
1
1
1
1
1
1
1
1
1
1
1
1
0
0
0
0
0
0
1
0
0
0
0
0
0
0
1
0
0
0
0
0
0
0
0
0
0
0
0
0
0
0
0
1
1
1
1
1
0
0
0
0
1
1
0
0
0
0
0
1
1
1
1
0
0
0
0
0
0
0
0
0
0
0
0
0
0
0
0
1
1
1
0
0
0
0
0
0
1
1
1
1
1
0
0
0
0
1
1
1
1
1
0
0
0
0
0
1
1
1
0
0
0
0
0
0
1
1
0
0
0
0
0
1
1
1
1
1
1
1
1
1
1
1
1
1
1
1
1
1
0
0
0
1
1
0
0
1
1
1
1
1
1
1
0
0
1
0
0
1
1
0
0
0
1
0
0
1
1
0
0
0
1
0
0
0
1
0
0
1
1
1
0
0
0
0
1
1
1
1
1
1
1
1
1
1
1
1
1
1
1
1
1
1
0
1
0
0
1
1
1
0
0
0
0
1
0
0
1
0
0
0
1
0
0
1
0
0
0
1
0
0
1
0
0
1
0
0
0
1
0
0
0
0
0
1
0
0
0
0
1
1
0
0
0
0
1
1
0
0
0
0
0
1
1
0
0
0
0
0
0
1
0
0
0
0
0
1
0
0
1
0
0
1
0
0
1
0
0
1
0
0
1
0
0
0
1
0
0
1
1
1
1
1
0
0
1
0
0
1
0
0
1
0
0
1
1
1
1
1
1
1
1
0
0
1
0
0
1
1
1
1
1
1
1
1
0
0
0
0
1
0
0
0
0
0
0
0
0
0
1
1
0
0
0
0
0
1
1
0
0
0
0
1
1
1
0
0
0
1
1
1
1
1
1
1
1
1
1
1
1
0
1
1
1
0
0
0
0
1
1
1
1
1
0
1
0
0
1
1
0
0
1
1
1
1
0
0
1
1
1
1
1
1
0
1
1
0
1
1
1
1
1
0
1
1
1
0
0
0
0
0
1
1
0
0
0
1
1
0
0
1
1
0
0
0
0
0
1
1
1
0
0
0
0
0
1
1
1
0
0
0
1
1
1
1
1
1
1
1
1
1
1
0
0
0
1
1
1
1
1
0
0
1
0
0
0
0
1
1
1
0
0
0
0
0
1
1
0
0
0
0
0
0
0
0
0
1
0
0
0
1
1
1
1
0
1
1
0
1
0
0
1
1
0
0
0
1
1
1
1
0
1
1
1
1
1
1
1
1
0
1
0
0
1
1
0
0
0
0
0
0
0
0
0
0
1
1
1
1
1
0
1
1
1
1
0
1
1
1
1
1
1
0
0
1
1
1
1
0
0
0
0
1
0
1
1
0
0
1
1
0
0
1
1
1
1
0
0
0
1
0
0
0
1
0
1
0
0
1
1
1
1
1
0
1
0
0
0
1
1
1
0
1
1
1
1
1
0
0
1
0
1
0
1
0
0
0
0
0
0
0
0
0
0
0
0
0
0
0
1
0
0
1
0
1
1
1
1
1
0
0
1
0
1
1
1
0
0
1
0
0
1
0
0
0
1
1
1
0
0
0
0
0
1
1
1
0
0
0
0
0
0
0
1
1
0
0
1
1
0
0
0
0
0
0
1
0
0
0
0
0
1
1
0
0
1
0
0
0
1
1
1
1
0
0
0
1
1
1
0
0
0
1
0
1
1
0
0
0
1
1
1
1
1
1
1
1
1
1
1
1
1
1
1
1
1
0
0
1
0
0
0
0
0
0
0
0
0
0
0
0
0
0
0
1
0
0
0
0
0
0
0
0
0
0
0
1
1
1
1
1
0
1
1
0
1
1
0
0
0
1
1
0
0
0
0
0
0
0
0
1
0
1
1
0
0
1
0
0
1
1
1
0
0
0
1
1
0
0
0
0
0
1
1
0
0
0
0
0
0
0
0
1
1
1
1
1
0
0
0
0
1
1
1
0
1
1
1
1
1
1
0
0
0
0
0
1
0
0
1
1
1
1
1
1
1
1
0
0
0
1
1
1
1
1
0
1
1
1
1
0
1
0
0
1
0
0
0
1
0
0
0
1
1
0
1
0
0
0
1
0
0
0
0
0
0
0
0
0
1
1
0
0
0
1
1
0
0
0
1
1
1
0
1
0
0
1
1
0
1
0
0
0
1
1
0
0
0
0
1
0
0
0
0
0
1
0
0
0
0
0
0
0
1
0
0
1
1
1
0
1
0
0
0
1
1
1
1
0
1
1
1
1
1
0
0
1
0
0
1
0
0
0
0
0
1
1
1
1
1
0
1
1
1
1
1
1
1
1
1
1
1
1
1
1
1
1
1
1
1
1
1
0
1
0
0
1
1
1
1
0
0
1
1
1
0
1
1
1
1
1
1
1
1
1
0
1
1
0
0
0
0
0
0
1
1
1
1
0
0
1
1
1
1
0
0
1
1
1
1
1
1
0
1
0
0
1
0
0
1
0
0
0
0
0
0
1
1
0
0
0
1
1
1
1
0
0
0
1
0
0
0
1
1
0
0
0
0
0
1
1
1
0
0
0
0
1
0
0
1
1
1
1
0
1
1
1
0
0
1
1
1
1
1
0
1
0
0
0
0
1
0
0
0
0
0
1
0
0
1
0
0
0
0
1
0
0
0
0
0
0
0
0
1
0
0
1
0
0
1
1
1
0
1
0
0
0
0
1
1
1
1
0
1
0
1
1
1
1
0
1
1
1
1
1
1
1
1
0
1
1
1
1
1
0
0
0
1
1
1
0
0
1
1
1
0
0
1
1
1
0
0
1
1
1
1
1
1
1
1
1
0
0
1
1
1
1
1
1
1
1
1
1
1
1
1
1
1
1
0
0
0
1
1
1
1
0
1
1
1
1
1
1
0
0
1
1
1
1
0
1
1
1
1
1
1
1
1
0
0
0
0
0
0
0
1
1
1
1
1
1
0
0
0
0
1
1
0
1
1
1
0
0
1
1
0
1
1
1
1
0
1
1
0
1
1
0
0
0
0
0
0
0
1
1
1
1
1
0
0
0
1
0
1
0
0
0
0
0
0
0
1
1
1
1
0
0
0
1
0
0
1
0
0
0
0
1
1
1
1
1
1
1
1
1
1
1
1
1
1
1
1
1
1
1
1
1
1
0
0
0
1
1
0
0
0
0
1
1
1
1
0
0
0
0
0
0
0
0
0
0
0
0
1
1
0
0
0
1
1
1
1
1
0
1
0
0
0
0
0
0
0
0
0
1
1
1
1
0
0
1
1
1
0
0
1
1
1
1
1
0
0
0
1
1
1
1
0
0
0
0
0
0
0
1
1
1
1
1
1
1
0
0
0
0
1
1
1
1
0
1
1
1
1
1
1
1
1
1
1
0
1
1
0
0
0
0
0
0
0
0
0
0
0
1
1
1
1
0
0
1
1
1
1
1
0
0
0
1
1
0
0
0
0
0
0
0
0
0
1
1
1
0
0
1
1
1
1
1
1
1
0
0
1
1
0
0
0
1
1
1
1
0
0
0
1
0
0
1
1
1
1
1
1
1
0
0
1
0
0
0
0
0
0
1
0
0
1
1
1
0
0
0
0
1
0
0
1
1
1
0
0
0
0
0
0
1
1
1
1
1
1
0
0
0
0
0
0
0
1
1
1
1
1
1
0
0
0
0
0
0
0
0
0
0
1
1
0
0
0
0
0
0
1
1
1
1
1
1
1
1
1
0
0
0
1
0
0
0
0
0
0
1
0
0
0
0
0
1
1
1
0
0
0
0
1
0
0
0
0
0
0
0
0
1
1
1
1
1
1
0
0
0
1
1
0
0
0
0
0
0
1
0
0
1
1
1
0
0
1
1
0
1
1
1
0
0
0
0
0
1
1
1
1
1
1
1
1
0
0
0
0
1
1
1
1
1
1
1
1
1
1
1
1
1
1
1
1
1
1
1
1
1
1
1
1
1
0
1
0
0
0
1
1
0
0
0
1
0
1
1
0
0
1
1
1
0
0
1
1
1
0
0
1
0
0
1
0
0
1
0
0
0
1
0
0
0
0
1
1
1
0
1
1
0
1
1
1
1
1
1
1
1
1
1
1
1
1
1
0
0
1
0
0
0
1
0
0
0
1
0
0
0
0
1
1
1
1
1
1
1
1
1
1
1
1
1
1
1
1
1
1
1
1
1
1
1
1
1
0
1
0
1
1
1
0
1
1
0
1
1
1
1
1
1
1
1
0
1
1
0
1
0
1
0
0
0
1
1
1
1
0
0
1
1
1
1
1
0
0
1
1
1
1
1
1
1
1
0
1
1
0
1
0
0
1
1
1
1
1
0
0
0
1
1
0
1
1
1
1
1
1
1
1
1
0
1
1
0
0
1
1
1
0
0
0
1
0
0
0
0
0
0
0
0
0
1
1
1
1
0
1
1
1
1
1
1
1
1
1
0
1
1
1
0
1
1
1
1
0
0
0
1
1
1
1
1
1
0
0
1
1
1
0
0
1
1
1
1
0
0
0
0
1
1
0
0
0
0
1
1
0
0
1
1
0
0
0
0
0
1
1
1
1
0
1
0
1
0
0
1
1
1
1
0
0
0
0
1
1
0
1
1
0
1
1
1
0
1
1
0
0
1
1
1
1
1
1
1
0
0
0
1
1
1
0
1
1
0
1
1
0
0
1
1
1
1
1
1
0
0
0
1
0
0
0
0
0
1
1
1
0
0
1
1
1
1
1
1
0
0
1
1
0
1
0
0
1
1
0
1
0
0
1
1
1
0
0
0
0
1
1
1
1
0
0
0
0
0
0
0
0
0
1
1
1
1
1
1
1
0
0
1
0
0
1
1
1
1
1
1
1
1
1
1
0
0
0
1
0
1
1
0
1
0
0
0
1
0
0
0
1
1
1
1
1
1
1
1
1
0
1
1
0
0
1
1
1
1
1
0
1
1
1
0
0
0
1
0
1
0
0
0
0
0
0
0
1
1
1
1
1
1
1
1
1
1
1
1
0
0
1
1
1
1
0
0
1
1
0
0
1
0
0
0
0
0
1
1
1
1
0
0
0
0
1
0
0
0
0
0
0
0
0
1
1
1
1
1
1
1
1
1
1
0
0
1
1
1
1
0
0
0
1
1
1
1
0
0
0
1
1
1
1
1
0
1
0
1
0
0
0
0
0
0
0
1
1
0
0
1
1
1
1
1
1
1
0
0
1
1
1
1
1
1
1
0
1
1
0
0
0
1
1
1
1
0
1
1
0
0
0
0
1
0
1
0
0
1
0
1
0
0
0
1
1
1
0
0
0
1
1
1
0
0
0
0
0
1
0
0
1
1
1
0
0
0
1
1
1
1
1
1
1
1
1
0
0
0
0
0
1
1
0
0
0
1
0
0
0
0
1
1
1
1
1
0
0
1
1
1
0
0
1
0
0
0
0
1
0
0
1
1
1
1
1
1
1
1
1
0
0
0
0
1
1
1
0
0
0
0
0
0
1
0
0
0
0
1
1
0
1
1
1
1
1
1
0
0
0
1
1
1
1
1
1
1
1
1
0
1
1
1
0
0
0
1
0
0
0
0
1
1
0
1
1
0
1
1
1
1
1
1
0
1
1
0
0
1
1
1
1
0
0
0
0
0
1
0
0
1
1
0
0
0
0
1
1
0
1
1
0
1
1
0
0
1
1
1
1
1
1
1
1
1
1
1
1
1
1
1
1
1
1
0
0
0
1
1
0
0
0
0
1
1
0
1
1
0
1
1
0
1
1
1
1
1
1
1
1
0
1
0
1
0
1
1
0
0
0
0
0
0
0
0
0
0
0
1
1
1
1
1
0
1
1
1
0
1
0
0
1
0
0
0
0
0
0
0
1
1
0
1
0
1
1
1
0
0
1
1
0
0
1
1
1
1
0
0
1
1
1
1
1
0
0
0
0
1
1
0
0
1
1
0
1
1
1
1
1
1
1
1
1
0
0
1
1
1
0
1
0
1
0
1
0
1
0
0
0
0
0
1
0
0
0
0
0
1
1
1
1
0
1
1
0
1
1
1
1
1
1
0
0
0
0
0
1
0
0
1
1
0
0
0
0
0
0
0
0
0
1
1
1
1
0
1
1
0
1
1
0
0
0
0
0
0
1
0
0
0
0
0
0
0
0
1
1
1
1
0
1
1
0
1
1
0
0
0
0
1
1
0
1
1
0
0
1
0
0
0
1
0
0
0
0
1
1
0
1
1
1
0
0
0
0
1
1
1
1
1
1
1
1
0
0
0
1
1
1
1
1
1
1
0
0
0
0
1
1
0
0
0
0
0
0
1
1
1
1
1
1
0
0
0
1
1
1
0
1
1
1
1
1
1
1
1
1
1
1
0
0
1
1
1
1
0
0
1
1
0
1
0
0
0
0
1
0
0
0
0
0
0
1
1
0
1
0
0
1
1
1
1
1
1
1
0
0
1
1
1
0
0
0
1
1
0
1
1
0
0
0
0
1
1
0
0
0
0
1
1
0
0
1
1
0
1
0
1
1
1
1
1
1
0
1
1
1
0
1
1
0
1
1
0
0
0
0
1
1
0
0
0
0
1
1
1
1
1
1
1
1
1
1
1
1
0
1
1
1
1
1
1
1
0
0
1
1
0
1
1
0
0
0
0
0
1
1
0
0
0
0
0
0
1
1
1
1
1
0
1
1
1
1
1
1
0
1
0
0
0
0
0
0
0
0
0
0
1
1
0
0
0
1
0
1
0
1
0
0
1
1
1
1
1
0
1
1
1
1
1
0
0
1
1
1
0
0
1
0
0
0
0
0
1
0
1
1
1
1
0
0
1
1
0
1
1
0
0
1
0
0
0
0
0
0
1
0
1
0
1
0
1
0
1
0
0
1
1
1
1
1
1
1
0
1
1
1
1
0
0
0
0
0
0
1
1
0
0
0
1
0
0
1
1
1
1
0
0
1
1
1
1
1
1
1
0
0
0
1
1
1
1
0
0
0
1
1
0
0
0
0
0
0
0
0
0
0
1
1
1
0
0
0
0
0
0
1
1
0
0
1
1
1
1
0
0
1
1
1
1
0
0
0
0
0
0
0
0
0
0
1
0
1
0
0
1
1
0
0
0
1
1
1
1
0
0
0
0
1
1
1
0
0
0
1
1
0
0
0
0
0
1
1
0
0
0
0
1
0
0
0
1
1
0
0
0
0
1
1
1
1
0
1
1
1
0
0
0
0
0
1
0
1
0
0
0
1
1
0
0
0
0
0
0
0
0
1
1
1
1
1
1
0
0
0
0
0
0
0
0
1
1
1
0
1
1
1
1
1
1
0
0
0
0
0
1
1
1
0
1
1
0
0
0
0
0
0
0
0
0
0
0
0
0
1
0
0
0
0
1
1
1
1
1
1
1
1
0
0
0
1
1
1
0
0
0
1
1
0
1
1
0
1
1
1
1
0
1
0
0
0
0
0
0
0
1
1
0
0
0
0
0
1
1
1
0
0
0
0
1
1
1
0
0
0
0
0
0
1
1
0
0
0
0
0
0
0
0
0
0
1
1
1
1
1
1
0
1
1
1
1
0
0
0
0
0
0
0
0
0
0
0
0
0
1
1
0
0
0
0
0
0
0
1
0
0
0
1
1
0
0
0
0
0
0
0
0
1
1
1
0
0
0
0
0
0
1
1
1
0
0
1
1
1
1
1
0
0
0
0
0
0
1
1
0
0
0
0
0
1
1
0
0
0
0
0
0
1
1
0
0
1
1
0
0
0
0
0
0
0
0
0
0
1
1
1
0
1
0
1
1
1
0
1
1
1
1
1
0
0
0
1
1
0
0
0
1
1
1
1
0
0
0
0
0
1
1
0
0
0
1
1
0
0
0
1
1
1
0
1
0
0
1
0
0
0
0
0
0
0
0
0
0
0
1
1
0
1
0
0
0
1
1
0
1
1
0
0
0
0
0
0
1
0
0
1
1
0
0
0
1
0
0
1
1
1
0
0
0
0
1
0
0
0
0
1
0
0
0
0
0
0
0
0
1
0
1
0
0
0
0
0
0
0
0
0
0
1
1
1
1
1
0
0
1
1
1
0
1
1
1
1
0
0
0
0
1
1
1
1
1
1
1
1
1
1
1
1
1
1
0
0
0
0
0
0
0
0
0
0
1
0
0
0
1
1
0
0
0
0
1
1
0
0
0
1
1
0
0
0
0
1
1
1
1
0
0
0
0
1
1
1
0
1
1
0
1
1
0
0
0
0
0
1
1
1
1
0
0
0
1
0
0
0
0
0
0
0
0
0
0
0
1
1
1
1
0
0
0
0
0
0
1
0
0
0
0
0
0
1
1
0
0
0
0
0
1
1
0
1
1
1
0
0
0
0
0
0
0
0
0
1
1
0
0
0
0
0
0
0
0
0
1
1
0
1
1
1
0
0
1
1
0
0
0
0
1
1
0
0
0
0
0
1
1
0
0
0
0
0
1
0
0
0
1
1
0
0
1
0
0
0
0
0
0
0
1
0
0
0
1
0
1
0
1
0
1
1
0
0
1
1
1
0
0
0
1
0
0
1
0
0
0
)
;
}
)

// ************************************************************************* //
